Vrishti Jain 661983527

Since, the initial mean matrix is initialised randomly , the same value of eps results into giving different 
purity score. 
f1.csv  == iris.txt
f2.csv == 1R2RC_truth.txt
f3.csv == dancing_truth.txt 

Also, i have commneted the line # c_table.columns = unique_class which results into giving column names 
according to the actual class

python assign6.py f1.csv 3 0.1
Final mean of each cluster
         0        1        2         3
0  6.41698  2.96159  5.10768   1.77219
1  5.09122  3.28034  1.85427  0.399269
2  6.30641  2.87684  4.97997   1.70791
Final covariance matrix

           0         1         2         3
0  0.453169  0.126367  0.439582  0.133777
1  0.126367  0.115232  0.134694  0.066979
2  0.439582  0.134694  0.644898  0.253556
3  0.133777  0.066979  0.253556  0.165509

           0         1         2         3
0  0.164180  0.035756  0.206844  0.084619
1  0.035756  0.230634 -0.252898 -0.094098
2  0.206844 -0.252898  0.837360  0.325583
3  0.084619 -0.094098  0.325583  0.137822

           0         1         2         3
0  0.371526  0.083183  0.359376  0.133422
1  0.083183  0.092297  0.096788  0.065121
2  0.359376  0.096788  0.559149  0.242315
3  0.133422  0.065121  0.242315  0.165450

 Number of iteration in EM algo ==  5
Probability
[0.1925952266601619, 0.39859831262069656, 0.40880646071914156] 

final cluster of all points according to EM
[1 1 1 1 1 1 1 1 1 1 1 1 1 1 1 1 1 1 1 1 1 1 1 1 1 1 1 1 1 1 1 1 1 1 1 1 1
 1 1 1 1 1 1 1 1 1 1 1 1 1 2 2 2 1 2 2 2 1 2 2 1 2 2 2 1 2 2 2 2 2 2 2 2 2
 2 2 2 2 2 1 1 2 1 2 2 2 2 2 2 2 2 2 2 1 2 2 2 2 1 2 2 2 2 2 2 2 2 2 2 2 2
 2 2 2 2 2 2 0 2 2 2 2 2 2 2 2 2 2 2 2 2 0 2 2 2 2 2 2 2 2 2 2 2 2 2 2 2 2
 2 2]
Final size of each cluster
Frequency of unique values of the said array:
[[ 0  1  2]
 [ 2 59 89]]
contigency table 
   Iris-setosa  Iris-versicolor  Iris-virginica
0          0.0             50.0             0.0
1          0.0              9.0            41.0
2          2.0              0.0            48.0
purity score ==  92.66666666666666 %


python assign6.py f1.csv 3 0.01
Final mean of each cluster
         0        1        2         3
0  6.26199    2.872  4.90599     1.676
1  4.99248  3.40158  1.48259   0.23219
2  5.04523  3.46564  1.41009  0.278244
Final covariance matrix

           0         1         2         3
0  0.434965  0.120939  0.448847  0.165495
1  0.120939  0.109617  0.141374  0.079230
2  0.448847  0.141374  0.674804  0.285859
3  0.165495  0.079230  0.285859  0.178630

           0         1         2         3
0  0.105042  0.099409  0.013784  0.009320
1  0.099409  0.158575  0.018900  0.010473
2  0.013784  0.018900  0.024488  0.003730
3  0.009320  0.010473  0.003730  0.008149

           0         1         2         3
0  0.168182  0.092529  0.024551  0.011477
1  0.092529  0.091936 -0.006711  0.011147
2  0.024551 -0.006711  0.040142  0.013442
3  0.011477  0.011147  0.013442  0.018719

 Number of iteration in EM algo ==  11
Probability
[0.6666688492388538, 0.24785553111020808, 0.08547561965093818] 

final cluster of all points according to EM
[1 1 1 1 1 1 1 1 1 1 1 1 1 2 2 1 2 1 1 1 1 1 2 2 1 1 1 1 1 1 1 1 1 1 1 1 1
 1 1 1 1 1 1 2 1 1 1 1 1 1 0 0 0 0 0 0 0 0 0 0 0 0 0 0 0 0 0 0 0 0 0 0 0 0
 0 0 0 0 0 0 0 0 0 0 0 0 0 0 0 0 0 0 0 0 0 0 0 0 0 0 0 0 0 0 0 0 0 0 0 0 0
 0 0 0 0 0 0 0 0 0 0 0 0 0 0 0 0 0 0 0 0 0 0 0 0 0 0 0 0 0 0 0 0 0 0 0 0 0
 0 0]
Final size of each cluster
Frequency of unique values of the said array:
[[  0   1   2]
 [100  44   6]]
contigency table 
   Iris-setosa  Iris-versicolor  Iris-virginica
0          0.0             44.0             6.0
1         50.0              0.0             0.0
2         50.0              0.0             0.0
purity score ==  96.0 %

python assign6.py f1.csv 3 0.0001
Final mean of each cluster
         0        1        2        3
0    5.006    3.418    1.464    0.244
1  7.29071  3.00351  6.17665  1.96466
2  6.09938  2.85121  4.70513  1.63037
Final covariance matrix

           0         1         2         3
0  0.304809  0.304809  0.304809  0.304809
1  0.304809  0.304809  0.304809  0.304809
2  0.304809  0.304809  0.304809  0.304809
3  0.304809  0.304809  0.304809  0.304809

           0         1         2         3
0  0.652886  0.652886  0.652886  0.652886
1  0.652886  0.652886  0.652886  0.652886
2  0.652886  0.652886  0.652886  0.652886
3  0.652886  0.652886  0.652886  0.652886

           0         1         2         3
0  1.008012  1.008012  1.008012  1.008012
1  1.008012  1.008012  1.008012  1.008012
2  1.008012  1.008012  1.008012  1.008012
3  1.008012  1.008012  1.008012  1.008012

 Number of iteration in EM algo ==  37
Probability
[0.3333334467636498, 0.09100161662825766, 0.5756649366080925] 

final cluster of all points according to EM
[0 0 0 0 0 0 0 0 0 0 0 0 0 0 0 0 0 0 0 0 0 0 0 0 0 0 0 0 0 0 0 0 0 0 0 0 0
 0 0 0 0 0 0 0 0 0 0 0 0 0 2 2 2 2 2 2 2 2 2 2 2 2 2 2 2 2 2 2 2 2 2 2 2 2
 2 2 2 2 2 2 2 2 2 2 2 2 2 2 2 2 2 2 2 2 2 2 2 2 2 2 2 2 1 2 2 1 2 1 1 2 2
 2 2 2 2 2 2 1 1 2 2 2 1 2 2 1 2 2 2 1 1 1 2 2 1 1 2 2 2 2 2 2 2 2 2 2 2 2
 2 2]
Final size of each cluster
Frequency of unique values of the said array:
[[ 0  1  2]
 [50 13 87]]
contigency table 
   Iris-setosa  Iris-versicolor  Iris-virginica
0         50.0              0.0             0.0
1          0.0              0.0            50.0
2          0.0             13.0            37.0
purity score ==  91.33333333333333 %


python assign6.py f1.csv 3 0.000001
Final mean of each cluster
         0        1        2        3
0    5.006    3.418    1.464    0.244
1  6.54428  2.94873   5.4795  1.98458
2  5.91535  2.77778  4.20173  1.29705
Final covariance matrix

           0         1         2         3
0  0.121764  0.098292  0.015816  0.010336
1  0.098292  0.142276  0.011448  0.011208
2  0.015816  0.011448  0.029504  0.005584
3  0.010336  0.011208  0.005584  0.011264

           0         1         2         3
0  0.387319  0.092187  0.303076  0.061796
1  0.092187  0.110297  0.084217  0.055975
2  0.303076  0.084217  0.327915  0.074589
3  0.061796  0.055975  0.074589  0.085838

           0         1         2         3
0  0.275439  0.096981  0.184880  0.054494
1  0.096981  0.092673  0.091155  0.043002
2  0.184880  0.091155  0.200806  0.061063
3  0.054494  0.043002  0.061063  0.032029

 Number of iteration in EM algo ==  18
Probability
[0.3333333333333333, 0.3674494781347227, 0.29921718853194407] 

final cluster of all points according to EM
[0 0 0 0 0 0 0 0 0 0 0 0 0 0 0 0 0 0 0 0 0 0 0 0 0 0 0 0 0 0 0 0 0 0 0 0 0
 0 0 0 0 0 0 0 0 0 0 0 0 0 2 2 2 2 2 2 2 2 2 2 2 2 2 2 2 2 2 2 1 2 1 2 1 2
 2 2 2 1 2 2 2 2 2 1 2 2 2 2 2 2 2 2 2 2 2 2 2 2 2 2 1 1 1 1 1 1 1 1 1 1 1
 1 1 1 1 1 1 1 1 1 1 1 1 1 1 1 1 1 1 1 1 1 1 1 1 1 1 1 1 1 1 1 1 1 1 1 1 1
 1 1]
Final size of each cluster
Frequency of unique values of the said array:
[[ 0  1  2]
 [50 55 45]]
contigency table 
   Iris-setosa  Iris-versicolor  Iris-virginica
0         50.0              0.0             0.0
1          0.0              5.0            45.0
2          0.0             50.0             0.0
purity score ==  96.66666666666667 %


_________________________________________________________________________________________________________


python assign6.py f2.csv 3 0.01
Final mean of each cluster
         0         1         2         3         4         5   ...        52        53        54        55        56        57
0  0.072208 -0.388182  0.070752 -0.388795  0.068362 -0.389988  ...  0.043746 -0.397535  0.043362 -0.399267  0.040504 -0.398684
1 -0.334370  0.350251 -0.335330  0.352198 -0.337676  0.352095  ... -0.349149  0.433577 -0.349776  0.435838 -0.353490  0.440477
2 -0.540112  0.418035 -0.540942  0.419178 -0.543476  0.417851  ... -0.555756  0.480443 -0.556384  0.482594 -0.559995  0.486778

[3 rows x 58 columns]
Final covariance matrix

           0         1         2         3         4         5   ...        52        53        54        55        56        57
0   0.172255  0.058205  0.171937  0.058333  0.171539  0.058793  ...  0.166682  0.060012  0.166634  0.059926  0.166421  0.059968
1   0.058205  0.094162  0.058061  0.094232  0.057781  0.094422  ...  0.055629  0.095235  0.055613  0.095217  0.055499  0.095239
2   0.171937  0.058061  0.171621  0.058189  0.171225  0.058648  ...  0.166394  0.059868  0.166346  0.059782  0.166134  0.059824
3   0.058333  0.094232  0.058189  0.094302  0.057908  0.094493  ...  0.055752  0.095313  0.055736  0.095295  0.055621  0.095316
4   0.171539  0.057781  0.171225  0.057908  0.170831  0.058367  ...  0.166030  0.059586  0.165983  0.059500  0.165772  0.059542
5   0.058793  0.094422  0.058648  0.094493  0.058367  0.094686  ...  0.056201  0.095515  0.056185  0.095497  0.056070  0.095518
..
52  0.166682  0.055629  0.166394  0.055752  0.166030  0.056201  ...  0.161622  0.057410  0.161578  0.057329  0.161380  0.057373
53  0.060012  0.095235  0.059868  0.095313  0.059586  0.095515  ...  0.057410  0.096448  0.057393  0.096430  0.057276  0.096454
54  0.166634  0.055613  0.166346  0.055736  0.165983  0.056185  ...  0.161578  0.057393  0.161533  0.057312  0.161335  0.057356
55  0.059926  0.095217  0.059782  0.095295  0.059500  0.095497  ...  0.057329  0.096430  0.057312  0.096413  0.057195  0.096437
56  0.166421  0.055499  0.166134  0.055621  0.165772  0.056070  ...  0.161380  0.057276  0.161335  0.057195  0.161138  0.057240
57  0.059968  0.095239  0.059824  0.095316  0.059542  0.095518  ...  0.057373  0.096454  0.057356  0.096437  0.057240  0.096461

[58 rows x 58 columns]

           0         1         2         3         4         5   ...        52        53        54        55        56        57
0   0.113762 -0.039138  0.113646 -0.039690  0.113477 -0.039786  ...  0.111086 -0.056497  0.111115 -0.057270  0.111251 -0.057936
1  -0.039138  0.028924 -0.039080  0.028987 -0.039078  0.028946  ... -0.038180  0.030116 -0.038148  0.030141 -0.038150  0.030157
2   0.113646 -0.039080  0.113530 -0.039632  0.113362 -0.039728  ...  0.110979 -0.056438  0.111008 -0.057211  0.111144 -0.057878
3  -0.039690  0.028987 -0.039632  0.029062 -0.039627  0.029029  ... -0.038715  0.030539 -0.038684  0.030577 -0.038689  0.030606
4   0.113477 -0.039078  0.113362 -0.039627  0.113194 -0.039720  ...  0.110822 -0.056341  0.110850 -0.057110  0.110986 -0.057772
5  -0.039786  0.028946 -0.039728  0.029029 -0.039720  0.029003  ... -0.038802  0.030735 -0.038773  0.030781 -0.038779  0.030818
..
51 -0.055973  0.030168 -0.055914  0.030579 -0.055819  0.030767  ... -0.054431  0.042071 -0.054447  0.042516 -0.054539  0.042932
52  0.111086 -0.038180  0.110979 -0.038715  0.110822 -0.038802  ...  0.108599 -0.054936  0.108627 -0.055684  0.108762 -0.056326
53 -0.056497  0.030116 -0.056438  0.030539 -0.056341  0.030735  ... -0.054936  0.042421 -0.054953  0.042884 -0.055049  0.043315
54  0.111115 -0.038148  0.111008 -0.038684  0.110850 -0.038773  ...  0.108627 -0.054953  0.108655 -0.055703  0.108790 -0.056348
55 -0.057270  0.030141 -0.057211  0.030577 -0.057110  0.030781  ... -0.055684  0.042884 -0.055703  0.043365 -0.055803  0.043813
56  0.111251 -0.038150  0.111144 -0.038689  0.110986 -0.038779  ...  0.108762 -0.055049  0.108790 -0.055803  0.108927 -0.056451
57 -0.057936  0.030157 -0.057878  0.030606 -0.057772  0.030818  ... -0.056326  0.043315 -0.056348  0.043813 -0.056451  0.044279

[58 rows x 58 columns]

           0         1         2         3         4         5   ...        52        53        54        55        56        57
0   0.091712  0.047312  0.091686  0.047222  0.091603  0.047466  ...  0.091758  0.044581  0.091772  0.044340  0.091820  0.044234
1   0.047312  0.075452  0.047343  0.075310  0.047212  0.075398  ...  0.047541  0.068247  0.047633  0.067766  0.047734  0.067374
2   0.091686  0.047343  0.091660  0.047254  0.091577  0.047497  ...  0.091734  0.044592  0.091748  0.044351  0.091797  0.044243
3   0.047222  0.075310  0.047254  0.075177  0.047124  0.075271  ...  0.047462  0.068378  0.047553  0.067907  0.047651  0.067526
4   0.091603  0.047212  0.091577  0.047124  0.091496  0.047370  ...  0.091655  0.044533  0.091669  0.044294  0.091717  0.044190
..
52  0.091758  0.047541  0.091734  0.047462  0.091655  0.047717  ...  0.091853  0.045032  0.091868  0.044793  0.091918  0.044689
53  0.044581  0.068247  0.044592  0.068378  0.044533  0.068638  ...  0.045032  0.070286  0.045065  0.070201  0.045075  0.070192
54  0.091772  0.047633  0.091748  0.047553  0.091669  0.047807  ...  0.091868  0.045065  0.091885  0.044822  0.091935  0.044714
55  0.044340  0.067766  0.044351  0.067907  0.044294  0.068172  ...  0.044793  0.070201  0.044822  0.070137  0.044827  0.070146
56  0.091820  0.047734  0.091797  0.047651  0.091717  0.047904  ...  0.091918  0.045075  0.091935  0.044827  0.091986  0.044716
57  0.044234  0.067374  0.044243  0.067526  0.044190  0.067796  ...  0.044689  0.070192  0.044714  0.070146  0.044716  0.070173

[58 rows x 58 columns]

 Number of iteration in EM algo ==  23
Probability
[0.6608760820060958, 0.19477741198309287, 0.14434650601081125] 

final cluster of all points according to EM
[0 0 0 1 0 0 0 1 0 0 0 2 1 0 0 0 1 2 0 0 1 2 0 1 2 0 0 2 0 2 2 2 0 2 0 0 1
 0 0 0 0 0 0 0 1 0 0 1 1 0 0 0 0 1 0 0 0 0 1 0 0 0 0 0 0 0 0 0 0 0 0 0 0 0
 0 0 0 0 0 0 0 2 1 0 1 0 1 0 0 0 0 0 0 0 0 0 0 0 0 0 2 0 0 0 0 0 0 0 0 1 0
 0 0 0 1 0 1 0 0 0 0 1 0 0 0 0 0 0 1 0 0 0 1 0 0 0 1 0 0 0 0 0 0 0 1 0 0 1
 0 0 0 0 0 0 0 0 0 0 0 0 1 0 0 0 0 0 0 0 0 1 0 0 1 0 0 0 0 0 1 1 1 0 0 1 0
 0 0 0 0 0 0 0 0 0 1 0 0 1 1 2 2 0 0 0 0 1 0 1 0 0 0 0 0 0 0 0 0 0 1 0 0 0
 0 0 0 0 0 0 1 1 0 0 0 0 0 0 0 1 0 0 0 0 0 0 0 1 0 1 0 0 0 0 0 0 0 0 0 0 0
 0 0 0 1 2 0 0 0 0 0 0 0 2 0 0 0 0 0 0 0 0 2 0 0 1 0 1 0 0 0 1 0 0 1 0 0 0
 0 0 0 1 0 1 1 1 1 0 0 1 0 0 0 0 0 0 2 1 0 1 1 0 0 1 0 1 1 0 0 0 0 0 0 0 1
 0 1 0 1 0 2 0 0 0 0 0 0 1 0 0 1 1 1 1 0 1 2 0 0 0 2 1 1 0 2 2 0 0 0 1 1 2
 1 1 0 0 0 2 1 0 0 2 0 2 0 1 0 0 0 0 1 1 0 2 1 2 0 0 2 1 2 2 0 2 1 0 2 1 2
 1 2 2 1 1 1 2 1 2 1 1 0 1 2 1 0 1 2 2 0 1 0 1 0 0 0 0 1 0 0 1 2 2 0 1 1 1
 1 0 0 1 2 0 0 0 1 0 0 1 2 0 1]
Final size of each cluster
Frequency of unique values of the said array:
[[  0   1   2]
 [310 104  45]]
contigency table 
     2.0   1.0   3.0
0  121.0   0.0   0.0
1    0.0  72.0  17.0
2  189.0  32.0  28.0
purity score ==  83.2244008714597 %


python assign6.py f2.csv 3 0.1
Final mean of each cluster
         0         1         2         3         4         5   ...        52        53        54        55        56        57
0  0.172308 -0.184609  0.170603 -0.184858  0.167732 -0.185553  ...  0.139981 -0.182456  0.139522 -0.183805  0.136348 -0.182708
1 -0.292243 -0.087947 -0.293191 -0.087530 -0.295247 -0.088763  ... -0.310033 -0.056777 -0.310503 -0.056481 -0.313603 -0.054016
2  0.170589 -0.180173  0.168886 -0.180396  0.166017 -0.181076  ...  0.138331 -0.177106  0.137869 -0.178416  0.134685 -0.177279

[3 rows x 58 columns]
Final covariance matrix

           0         1         2         3         4         5   ...        52        53        54        55        56        57
0   0.184130 -0.006129  0.183871 -0.006171  0.183578 -0.005781  ...  0.179112 -0.010771  0.179101 -0.011143  0.179001 -0.011406
1  -0.006129  0.142519 -0.006123  0.142681 -0.006298  0.142837  ... -0.005846  0.148300 -0.005860  0.148542 -0.005953  0.148812
2   0.183871 -0.006123  0.183615 -0.006165  0.183324 -0.005776  ...  0.178886 -0.010759  0.178876 -0.011130  0.178776 -0.011393
3  -0.006171  0.142681 -0.006165  0.142846 -0.006340  0.143003  ... -0.005888  0.148521 -0.005902  0.148765 -0.005995  0.149037
4   0.183578 -0.006298  0.183324 -0.006340  0.183035 -0.005951  ...  0.178626 -0.010922  0.178616 -0.011292  0.178517 -0.011553
5  -0.005781  0.142837 -0.005776  0.143003 -0.005951  0.143163  ... -0.005504  0.148713 -0.005518  0.148957 -0.005612  0.149230
..
51 -0.010835  0.148069 -0.010824  0.148288 -0.010986  0.148478  ... -0.010368  0.155697 -0.010389  0.156014 -0.010498  0.156359
52  0.179112 -0.005846  0.178886 -0.005888  0.178626 -0.005504  ...  0.174655 -0.010299  0.174648 -0.010656  0.174560 -0.010906
53 -0.010771  0.148300 -0.010759  0.148521 -0.010922  0.148713  ... -0.010299  0.155997 -0.010321  0.156317 -0.010430  0.156665
54  0.179101 -0.005860  0.178876 -0.005902  0.178616 -0.005518  ...  0.174648 -0.010321  0.174641 -0.010679  0.174553 -0.010928
55 -0.011143  0.148542 -0.011130  0.148765 -0.011292  0.148957  ... -0.010656  0.156317 -0.010679  0.156641 -0.010789  0.156992
56  0.179001 -0.005953  0.178776 -0.005995  0.178517 -0.005612  ...  0.174560 -0.010430  0.174553 -0.010789  0.174465 -0.011039
57 -0.011406  0.148812 -0.011393  0.149037 -0.011553  0.149230  ... -0.010906  0.156665 -0.010928  0.156992 -0.011039  0.157347

[58 rows x 58 columns]

           0         1         2         3         4         5   ...        52        53        54        55        56        57
0   0.132225 -0.059842  0.132043 -0.060141  0.131897 -0.060050  ...  0.128962 -0.070544  0.128972 -0.071116  0.129026 -0.071581
1  -0.059842  0.257856 -0.059850  0.258426 -0.060123  0.258717  ... -0.059280  0.276950 -0.059327  0.277745 -0.059609  0.278567
2   0.132043 -0.059850  0.131863 -0.060149  0.131717 -0.060058  ...  0.128793 -0.070554  0.128803 -0.071126  0.128857 -0.071591
3  -0.060141  0.258426 -0.060149  0.259002 -0.060421  0.259299  ... -0.059569  0.277741 -0.059617  0.278544 -0.059901  0.279374
4   0.131897 -0.060123  0.131717 -0.060421  0.131573 -0.060330  ...  0.128661 -0.070799  0.128671 -0.071370  0.128726 -0.071834
5  -0.060050  0.258717 -0.060058  0.259299 -0.060330  0.259600  ... -0.059475  0.278172 -0.059523  0.278979 -0.059809  0.279814
..
51 -0.070286  0.276282 -0.070296  0.277065 -0.070542  0.277491  ... -0.069390  0.302311 -0.069469  0.303390 -0.069820  0.304490
52  0.128962 -0.059280  0.128793 -0.059569  0.128661 -0.059475  ...  0.125930 -0.069640  0.125941 -0.070197  0.125998 -0.070648
53 -0.070544  0.276950 -0.070554  0.277741 -0.070799  0.278172  ... -0.069640  0.303254 -0.069720  0.304345 -0.070075  0.305457
54  0.128972 -0.059327  0.128803 -0.059617  0.128671 -0.059523  ...  0.125941 -0.069720  0.125952 -0.070280  0.126009 -0.070732
55 -0.071116  0.277745 -0.071126  0.278544 -0.071370  0.278979  ... -0.070197  0.304345 -0.070280  0.305450 -0.070637  0.306574
56  0.129026 -0.059609  0.128857 -0.059901  0.128726 -0.059809  ...  0.125998 -0.070075  0.126009 -0.070637  0.126068 -0.071093
57 -0.071581  0.278567 -0.071591  0.279374 -0.071834  0.279814  ... -0.070648  0.305457 -0.070732  0.306574 -0.071093  0.307711

[58 rows x 58 columns]

           0         1         2         3         4         5   ...        52        53        54        55        56        57
0   0.187142 -0.009393  0.186883 -0.009453  0.186591 -0.009069  ...  0.182094 -0.014657  0.182086 -0.015056  0.181993 -0.015345
1  -0.009393  0.142639 -0.009383  0.142812 -0.009550  0.142969  ... -0.009001  0.148819 -0.009016  0.149080 -0.009109  0.149366
2   0.186883 -0.009383  0.186627 -0.009443  0.186336 -0.009059  ...  0.181868 -0.014639  0.181861 -0.015038  0.181768 -0.015326
3  -0.009453  0.142812 -0.009443  0.142988 -0.009609  0.143146  ... -0.009060  0.149056 -0.009075  0.149319 -0.009169  0.149608
4   0.186591 -0.009550  0.186336 -0.009609  0.186048 -0.009226  ...  0.181609 -0.014792  0.181602 -0.015190  0.181509 -0.015478
5  -0.009069  0.142969 -0.009059  0.143146 -0.009226  0.143307  ... -0.008681  0.149251 -0.008696  0.149515 -0.008791  0.149805
6   0.186380 -0.009574  0.186127 -0.009633  0.185840 -0.009250  ...  0.181423 -0.014801  0.181415 -0.015198  0.181324 -0.015485
..
51 -0.014700  0.148576 -0.014683  0.148811 -0.014836  0.149004  ... -0.014103  0.156773 -0.014126  0.157116 -0.014238  0.157485
52  0.182094 -0.009001  0.181868 -0.009060  0.181609 -0.008681  ...  0.177607 -0.014054  0.177603 -0.014439  0.177521 -0.014713
53 -0.014657  0.148819 -0.014639  0.149056 -0.014792  0.149251  ... -0.014054  0.157092 -0.014078  0.157438 -0.014190  0.157810
54  0.182086 -0.009016  0.181861 -0.009075  0.181602 -0.008696  ...  0.177603 -0.014078  0.177598 -0.014463  0.177517 -0.014738
55 -0.015056  0.149080 -0.015038  0.149319 -0.015190  0.149515  ... -0.014439  0.157438 -0.014463  0.157788 -0.014576  0.158164
56  0.181993 -0.009109  0.181768 -0.009169  0.181509 -0.008791  ...  0.177521 -0.014190  0.177517 -0.014576  0.177436 -0.014851
57 -0.015345  0.149366 -0.015326  0.149608 -0.015478  0.149805  ... -0.014713  0.157810 -0.014738  0.158164 -0.014851  0.158545

[58 rows x 58 columns]

 Number of iteration in EM algo ==  2
Probability
[0.19568094082233756, 0.5753618248419851, 0.22895723433567744] 

final cluster of all points according to EM
[2 2 1 1 2 2 2 1 2 1 2 1 1 1 2 2 1 1 2 2 1 1 2 1 1 2 2 1 2 1 1 1 2 1 1 2 1
 2 2 2 1 1 2 2 1 2 1 1 1 2 2 2 2 1 1 1 1 2 1 2 2 1 1 1 2 2 2 1 2 1 2 2 2 2
 2 2 2 2 2 2 1 1 1 1 1 1 1 2 1 1 2 2 1 1 1 1 1 1 1 2 1 1 1 1 2 2 2 1 1 1 1
 1 2 2 1 1 1 1 1 1 2 1 1 1 2 2 2 2 1 1 2 1 1 2 1 1 1 1 1 2 1 1 2 1 1 1 2 1
 2 2 2 2 1 1 2 2 1 2 2 1 1 1 1 2 1 2 1 1 1 1 2 1 1 1 2 1 1 2 1 1 1 1 1 1 1
 1 1 1 1 2 1 1 2 1 1 1 1 2 1 1 1 1 2 2 2 1 1 1 1 1 2 1 2 1 2 1 1 2 1 1 1 1
 1 1 1 2 2 1 1 1 1 1 1 1 1 2 1 1 2 1 1 2 1 1 1 1 1 1 1 1 1 1 1 1 1 1 1 2 1
 1 1 1 1 1 1 1 1 1 1 2 1 1 1 1 1 1 2 1 1 1 1 1 2 1 1 1 1 1 1 1 1 1 1 1 1 1
 1 1 2 1 1 1 1 1 1 1 1 1 1 1 2 2 2 2 1 1 2 1 1 1 2 1 1 1 1 1 1 2 2 1 2 2 1
 1 1 1 1 2 1 1 1 1 1 1 2 1 1 1 1 1 1 1 1 1 1 2 1 1 1 1 1 2 1 1 2 2 1 1 1 1
 1 1 1 1 2 1 1 2 2 1 2 1 2 1 1 2 1 1 1 1 1 1 1 1 2 2 1 1 1 1 1 1 1 1 1 1 1
 1 1 1 1 1 1 1 1 1 1 1 1 1 1 1 1 1 1 1 2 1 2 1 1 1 1 1 1 1 1 1 2 1 1 1 1 1
 1 1 1 1 1 1 1 1 1 2 1 1 1 1 1]
Final size of each cluster
Frequency of unique values of the said array:
[[  1   2]
 [335 124]]
contigency table 
   2.0    1.0    3.0
0  0.0   18.0  103.0
1  0.0   89.0    0.0
2  0.0  228.0   21.0
purity score ==  91.50326797385621 %


python assign6.py f2.csv 3 0.1
Final mean of each cluster
         0         1         2         3         4         5   ...        52        53        54        55        56        57
0 -0.283519 -0.024301 -0.284519 -0.023758 -0.286695 -0.024879  ... -0.302038  0.010978 -0.302528  0.011429 -0.305718  0.014070
1  0.196695 -0.331261  0.195027 -0.331737  0.192352 -0.332550  ...  0.164541 -0.337524  0.164116 -0.339238  0.161088 -0.338533
2  0.011037 -0.147008  0.009598 -0.147108  0.006996 -0.148039  ... -0.016185 -0.136995 -0.016641 -0.137858 -0.019762 -0.136363

[3 rows x 58 columns]
Final covariance matrix

           0         1         2         3         4         5   ...        52        53        54        55        56        57
0   0.146394 -0.060496  0.146190 -0.060820  0.146014 -0.060712  ...  0.142676 -0.072330  0.142687 -0.072966  0.142742 -0.073485
1  -0.060496  0.240640 -0.060481  0.241169 -0.060716  0.241439  ... -0.059591  0.258389 -0.059630  0.259127 -0.059879  0.259890
2   0.146190 -0.060481  0.145987 -0.060806  0.145812 -0.060698  ...  0.142486 -0.072316  0.142497 -0.072951  0.142552 -0.073471
3  -0.060820  0.241169 -0.060806  0.241707 -0.061040  0.241981  ... -0.059904  0.259154 -0.059944  0.259900 -0.060195  0.260672
4   0.146014 -0.060716  0.145812 -0.061040  0.145638 -0.060931  ...  0.142325 -0.072515  0.142337 -0.073149  0.142392 -0.073667
5  -0.060712  0.241439 -0.060698  0.241981 -0.060931  0.242261  ... -0.059793  0.259570 -0.059833  0.260321 -0.060085  0.261098
..
52  0.142676 -0.059591  0.142486 -0.059904  0.142325 -0.059793  ...  0.139216 -0.071024  0.139229 -0.071642  0.139286 -0.072145
53 -0.072330  0.258389 -0.072316  0.259154 -0.072515  0.259570  ... -0.071024  0.283779 -0.071098  0.284830 -0.071421  0.285901
54  0.142687 -0.059630  0.142497 -0.059944  0.142337 -0.059833  ...  0.139229 -0.071098  0.139242 -0.071718  0.139300 -0.072223
55 -0.072966  0.259127 -0.072951  0.259900 -0.073149  0.260321  ... -0.071642  0.284830 -0.071718  0.285896 -0.072044  0.286980
56  0.142742 -0.059879  0.142552 -0.060195  0.142392 -0.060085  ...  0.139286 -0.071421  0.139300 -0.072044  0.139359 -0.072552
57 -0.073485  0.259890 -0.073471  0.260672 -0.073667  0.261098  ... -0.072145  0.285901 -0.072223  0.286980 -0.072552  0.288077

[58 rows x 58 columns]

           0         1         2         3         4         5   ...        52        53        54        55        56        57
0   0.175853  0.055855  0.175600  0.055961  0.175255  0.056438  ...  0.171148  0.056827  0.171117  0.056710  0.170935  0.056715
1   0.055855  0.111751  0.055739  0.111845  0.055465  0.112068  ...  0.053782  0.113961  0.053764  0.113999  0.053648  0.114082
2   0.175600  0.055739  0.175348  0.055845  0.175006  0.056321  ...  0.170928  0.056712  0.170896  0.056595  0.170715  0.056600
3   0.055961  0.111845  0.055845  0.111940  0.055570  0.112163  ...  0.053883  0.114072  0.053865  0.114110  0.053749  0.114193
4   0.175255  0.055465  0.175006  0.055570  0.174667  0.056046  ...  0.170620  0.056438  0.170589  0.056321  0.170409  0.056326
..
51  0.056529  0.113799  0.056414  0.113909  0.056140  0.114147  ...  0.054469  0.116433  0.054449  0.116484  0.054328  0.116581
52  0.171148  0.053782  0.170928  0.053883  0.170620  0.054352  ...  0.167002  0.054764  0.166975  0.054653  0.166808  0.054664
53  0.056827  0.113961  0.056712  0.114072  0.056438  0.114311  ...  0.054764  0.116612  0.054745  0.116663  0.054624  0.116761
54  0.171117  0.053764  0.170896  0.053865  0.170589  0.054334  ...  0.166975  0.054745  0.166947  0.054634  0.166781  0.054644
55  0.056710  0.113999  0.056595  0.114110  0.056321  0.114349  ...  0.054653  0.116663  0.054634  0.116715  0.054513  0.116813
56  0.170935  0.053648  0.170715  0.053749  0.170409  0.054217  ...  0.166808  0.054624  0.166781  0.054513  0.166615  0.054523
57  0.056715  0.114082  0.056600  0.114193  0.056326  0.114433  ...  0.054664  0.116761  0.054644  0.116813  0.054523  0.116913

[58 rows x 58 columns]

           0         1         2         3         4         5   ...        52        53        54        55        56        57
0   0.197742 -0.024835  0.197435 -0.024990  0.197105 -0.024659  ...  0.191933 -0.033298  0.191929 -0.033852  0.191862 -0.034282
1  -0.024835  0.183651 -0.024827  0.183926 -0.025032  0.184112  ... -0.024307  0.193485 -0.024332  0.193904 -0.024480  0.194355
2   0.197435 -0.024827  0.197129 -0.024982  0.196801 -0.024652  ...  0.191654 -0.033283  0.191650 -0.033836  0.191583 -0.034266
3  -0.024990  0.183926 -0.024982  0.184205 -0.025187  0.184394  ... -0.024458  0.193865 -0.024483  0.194288 -0.024632  0.194743
4   0.197105 -0.025032  0.196801 -0.025187  0.196475 -0.024857  ...  0.191353 -0.033468  0.191350 -0.034020  0.191284 -0.034449
5  -0.024659  0.184112 -0.024652  0.184394 -0.024857  0.184585  ... -0.024132  0.194112 -0.024158  0.194536 -0.024307  0.194994
..
52  0.191933 -0.024307  0.191654 -0.024458  0.191353 -0.024132  ...  0.186615 -0.032477  0.186614 -0.033013  0.186556 -0.033427
53 -0.033298  0.193485 -0.033283  0.193865 -0.033468  0.194112  ... -0.032477  0.206839 -0.032518  0.207406 -0.032698  0.208002
54  0.191929 -0.024332  0.191650 -0.024483  0.191350 -0.024158  ...  0.186614 -0.032518  0.186612 -0.033055  0.186555 -0.033469
55 -0.033852  0.193904 -0.033836  0.194288 -0.034020  0.194536  ... -0.033013  0.207406 -0.033055  0.207979 -0.033237  0.208583
56  0.191862 -0.024480  0.191583 -0.024632  0.191284 -0.024307  ...  0.186556 -0.032698  0.186555 -0.033237  0.186499 -0.033652
57 -0.034282  0.194355 -0.034266  0.194743 -0.034449  0.194994  ... -0.033427  0.208002 -0.033469  0.208583 -0.033652  0.209193

[58 rows x 58 columns]

 Number of iteration in EM algo ==  2
Probability
[0.5103849099011578, 0.23661603885425347, 0.25299905124458866] 

final cluster of all points according to EM
[1 2 1 0 1 2 1 0 2 0 1 0 0 1 1 0 0 0 1 1 0 0 1 0 0 1 1 0 0 0 0 0 1 0 0 1 0
 1 1 1 0 1 1 1 0 1 0 0 0 1 1 1 2 0 0 0 0 1 0 1 1 1 0 0 1 1 1 0 1 0 1 1 1 1
 1 1 1 1 1 1 0 0 0 0 0 0 0 1 0 0 1 2 0 1 0 0 0 0 0 1 0 0 1 1 1 2 1 1 0 0 0
 0 1 1 0 0 0 0 0 0 1 0 0 0 1 1 1 1 0 0 1 0 0 1 0 0 0 0 0 2 0 0 1 0 0 0 1 0
 1 1 1 1 0 0 1 1 0 2 1 0 0 0 0 1 0 1 0 0 0 0 1 0 0 0 2 1 0 1 0 0 0 0 0 0 0
 0 0 0 0 1 0 0 1 0 0 0 0 0 0 0 0 0 1 1 1 0 0 0 0 0 1 0 1 0 1 0 0 1 0 0 0 0
 0 0 0 1 2 0 0 0 0 0 0 0 0 1 0 0 1 0 0 1 0 0 0 0 0 0 0 0 0 0 0 0 0 0 0 1 0
 0 0 0 0 0 0 0 0 0 0 1 0 0 0 0 0 0 1 0 0 0 0 0 1 0 0 0 0 0 0 0 0 0 0 0 0 0
 0 0 1 0 1 0 0 0 0 0 0 0 0 0 1 1 2 1 0 0 1 0 0 0 1 0 0 0 0 0 0 2 1 0 2 1 0
 0 0 0 0 1 0 0 0 0 0 0 1 0 0 0 0 0 0 0 0 0 0 1 0 0 0 0 0 1 0 0 1 2 0 0 0 0
 0 0 0 0 1 0 0 1 1 0 1 0 1 0 0 1 0 1 0 0 0 0 0 0 1 1 0 0 0 0 0 0 0 0 0 0 0
 0 0 0 0 0 0 0 0 0 0 0 0 0 0 0 0 0 0 0 1 0 1 0 1 0 0 0 0 0 0 0 2 0 0 0 0 0
 0 0 0 0 0 0 0 0 0 1 0 0 0 1 0]
Final size of each cluster
Frequency of unique values of the said array:
[[  0   1   2]
 [325 119  15]]
contigency table 
     2.0    1.0   3.0
0    7.0  104.0  10.0
1   89.0    0.0   0.0
2  229.0   15.0   5.0
purity score ==  91.93899782135077 %

_________________________________________________________________________________________________________


python assign6.py f3.csv 5 0.1
Final mean of each cluster
         0         1         2         3         4         5   ...        74        75        76        77        78        79
0 -0.033247 -0.532552 -0.032477 -0.533063 -0.031751 -0.533814  ... -0.048138 -0.542629 -0.049397 -0.543326 -0.050907 -0.543926
1 -0.023740  0.064795 -0.022853  0.063875 -0.022423  0.063116  ...  0.003368  0.066891  0.002117  0.067858  0.000825  0.068879
2 -0.443401 -0.428696 -0.448126 -0.443590 -0.450668 -0.455924  ... -0.430897 -0.380996 -0.428374 -0.374521 -0.425266 -0.366778
3  0.380512 -0.294733  0.376986 -0.286603  0.374128 -0.280228  ...  0.367459 -0.385102  0.371459 -0.399902  0.375882 -0.418124
4 -0.066131 -0.546536 -0.065422 -0.547604 -0.064684 -0.548858  ... -0.079990 -0.552929 -0.081164 -0.553160 -0.082574 -0.553195

[5 rows x 80 columns]
Final covariance matrix

           0         1         2         3         4         5   ...        74        75        76        77        78        79
0   0.083547  0.011270  0.083777  0.012617  0.083866  0.013794  ...  0.080127  0.002113  0.079815  0.001002  0.079463 -0.000296
1   0.011270  0.029969  0.011210  0.030177  0.011116  0.030388  ...  0.011150  0.028335  0.011124  0.028097  0.011102  0.027786
2   0.083777  0.011210  0.084015  0.012561  0.084108  0.013744  ...  0.080335  0.002028  0.080019  0.000914  0.079662 -0.000385
3   0.012617  0.030177  0.012561  0.030434  0.012469  0.030676  ...  0.012425  0.028351  0.012392  0.028088  0.012361  0.027745
4   0.083866  0.011116  0.084108  0.012469  0.084204  0.013654  ...  0.080412  0.001921  0.080093  0.000808  0.079733 -0.000490
5   0.013794  0.030388  0.013744  0.030676  0.013654  0.030946  ...  0.013537  0.028394  0.013497  0.028108  0.013459  0.027739
6   0.083816  0.011031  0.084059  0.012383  0.084157  0.013567  ...  0.080358  0.001845  0.080038  0.000734  0.079676 -0.000563
7   0.014735  0.030554  0.014689  0.030863  0.014599  0.031153  ...  0.014429  0.028440  0.014385  0.028137  0.014341  0.027748
8   0.083645  0.010956  0.083888  0.012304  0.083986  0.013484  ...  0.080190  0.001791  0.079870  0.000682  0.079509 -0.000611
9   0.015261  0.030622  0.015217  0.030941  0.015128  0.031241  ...  0.014930  0.028439  0.014884  0.028127  0.014837  0.027728
10  0.083517  0.010935  0.083759  0.012280  0.083856  0.013458  ...  0.080066  0.001779  0.079746  0.000671  0.079386 -0.000621
11  0.015378  0.030640  0.015334  0.030961  0.015245  0.031262  ...  0.015044  0.028449  0.014998  0.028137  0.014951  0.027737
12  0.083496  0.010976  0.083736  0.012320  0.083833  0.013497  ...  0.080048  0.001815  0.079730  0.000706  0.079370 -0.000588
13  0.015073  0.030584  0.015028  0.030897  0.014938  0.031191  ...  0.014757  0.028441  0.014712  0.028135  0.014667  0.027742
14  0.083562  0.011059  0.083800  0.012404  0.083894  0.013582  ...  0.080116  0.001888  0.079799  0.000776  0.079441 -0.000520
15  0.014423  0.030477  0.014375  0.030774  0.014284  0.031054  ...  0.014141  0.028432  0.014100  0.028139  0.014059  0.027761
16  0.083605  0.011141  0.083841  0.012486  0.083934  0.013663  ...  0.080173  0.001950  0.079858  0.000836  0.079503 -0.000465
17  0.013548  0.030350  0.013496  0.030626  0.013403  0.030889  ...  0.013309  0.028438  0.013272  0.028162  0.013236  0.027805
18  0.083572  0.011176  0.083803  0.012521  0.083896  0.013694  ...  0.080159  0.001965  0.079848  0.000847  0.079496 -0.000457
19  0.012581  0.030226  0.012525  0.030477  0.012429  0.030721  ...  0.012387  0.028477  0.012355  0.028222  0.012325  0.027889
20  0.083570  0.011251  0.083798  0.012594  0.083888  0.013766  ...  0.080173  0.002032  0.079865  0.000913  0.079517 -0.000394
21  0.011478  0.030064  0.011417  0.030286  0.011319  0.030507  ...  0.011340  0.028487  0.011313  0.028255  0.011288  0.027950
22  0.083522  0.011344  0.083746  0.012684  0.083833  0.013853  ...  0.080144  0.002124  0.079840  0.001003  0.079496 -0.000307
23  0.010276  0.029863  0.010210  0.030056  0.010110  0.030251  ...  0.010198  0.028475  0.010177  0.028268  0.010159  0.027992
24  0.083407  0.011398  0.083626  0.012734  0.083710  0.013900  ...  0.080049  0.002186  0.079748  0.001064  0.079409 -0.000246
25  0.009070  0.029675  0.008999  0.029836  0.008898  0.030006  ...  0.009056  0.028488  0.009041  0.028307  0.009029  0.028062
26  0.083219  0.011446  0.083433  0.012776  0.083515  0.013936  ...  0.079887  0.002258  0.079590  0.001138  0.079256 -0.000170
27  0.007861  0.029468  0.007786  0.029598  0.007683  0.029742  ...  0.007910  0.028484  0.007900  0.028330  0.007895  0.028118
28  0.082944  0.011476  0.083153  0.012798  0.083231  0.013952  ...  0.079641  0.002327  0.079350  0.001211  0.079021 -0.000093
29  0.006623  0.029229  0.006544  0.029329  0.006439  0.029445  ...  0.006737  0.028456  0.006733  0.028330  0.006735  0.028151
..       ...       ...       ...       ...       ...       ...  ...       ...       ...       ...       ...       ...       ...
50  0.078585  0.011396  0.078763  0.012622  0.078822  0.013692  ...  0.075668  0.002981  0.075422  0.001951  0.075143  0.000745
51 -0.006322  0.026551 -0.006423  0.026372 -0.006530  0.026248  ... -0.005590  0.027911 -0.005548  0.028058 -0.005495  0.028200
52  0.078824  0.011456  0.079005  0.012691  0.079066  0.013768  ...  0.075881  0.002997  0.075632  0.001962  0.075348  0.000750
53 -0.005692  0.026688 -0.005793  0.026525 -0.005900  0.026416  ... -0.004988  0.027934 -0.004948  0.028065 -0.004896  0.028188
54  0.079189  0.011509  0.079376  0.012755  0.079439  0.013842  ...  0.076211  0.002985  0.075956  0.001943  0.075667  0.000723
55 -0.004709  0.026927 -0.004808  0.026791 -0.004916  0.026703  ... -0.004051  0.028000 -0.004013  0.028106 -0.003965  0.028199
56  0.079615  0.011544  0.079807  0.012803  0.079874  0.013900  ...  0.076598  0.002953  0.076336  0.001904  0.076040  0.000675
57 -0.003509  0.027214 -0.003606  0.027108 -0.003714  0.027046  ... -0.002906  0.028071 -0.002871  0.028147 -0.002827  0.028204
58  0.080056  0.011554  0.080255  0.012825  0.080326  0.013934  ...  0.076997  0.002897  0.076729  0.001840  0.076425  0.000604
59 -0.002124  0.027543 -0.002219  0.027471 -0.002327  0.027439  ... -0.001587  0.028159 -0.001557  0.028201 -0.001517  0.028217
60  0.080449  0.011529  0.080654  0.012811  0.080728  0.013929  ...  0.077350  0.002818  0.077075  0.001757  0.076764  0.000514
61 -0.000667  0.027834 -0.000759  0.027797 -0.000867  0.027795  ... -0.000199  0.028205 -0.000173  0.028212 -0.000139  0.028188
62  0.080712  0.011483  0.080922  0.012772  0.080999  0.013896  ...  0.077583  0.002736  0.077302  0.001671  0.076984  0.000425
63  0.000729  0.028154  0.000640  0.028150  0.000533  0.028175  ...  0.001132  0.028297  0.001152  0.028273  0.001181  0.028211
64  0.080907  0.011425  0.081120  0.012717  0.081200  0.013845  ...  0.077753  0.002651  0.077469  0.001583  0.077146  0.000335
65  0.001945  0.028417  0.001858  0.028440  0.001751  0.028487  ...  0.002290  0.028367  0.002306  0.028316  0.002329  0.028223
66  0.080979  0.011364  0.081194  0.012657  0.081275  0.013785  ...  0.077811  0.002580  0.077523  0.001512  0.077198  0.000264
67  0.002862  0.028586  0.002777  0.028627  0.002670  0.028691  ...  0.003165  0.028401  0.003177  0.028332  0.003197  0.028218
68  0.080904  0.011300  0.081119  0.012591  0.081201  0.013717  ...  0.077733  0.002524  0.077445  0.001458  0.077119  0.000212
69  0.003361  0.028669  0.003276  0.028719  0.003170  0.028790  ...  0.003643  0.028419  0.003654  0.028342  0.003673  0.028218
70  0.080715  0.011242  0.080929  0.012529  0.081010  0.013652  ...  0.077554  0.002489  0.077267  0.001425  0.076942  0.000183
71  0.003393  0.028629  0.003309  0.028677  0.003202  0.028747  ...  0.003679  0.028395  0.003691  0.028321  0.003709  0.028200
72  0.080438  0.011192  0.080650  0.012473  0.080730  0.013591  ...  0.077298  0.002472  0.077015  0.001412  0.076694  0.000173
73  0.002932  0.028502  0.002847  0.028538  0.002741  0.028598  ...  0.003247  0.028364  0.003260  0.028303  0.003281  0.028197
74  0.080127  0.011150  0.080335  0.012425  0.080412  0.013537  ...  0.077017  0.002472  0.076738  0.001415  0.076423  0.000181
75  0.002113  0.028335  0.002028  0.028351  0.001921  0.028394  ...  0.002472  0.028352  0.002488  0.028315  0.002512  0.028235
76  0.079815  0.011124  0.080019  0.012392  0.080093  0.013497  ...  0.076738  0.002488  0.076466  0.001435  0.076157  0.000205
77  0.001002  0.028097  0.000914  0.028088  0.000808  0.028108  ...  0.001415  0.028315  0.001435  0.028309  0.001464  0.028261
78  0.079463  0.011102  0.079662  0.012361  0.079733  0.013459  ...  0.076423  0.002512  0.076157  0.001464  0.075855  0.000238
79 -0.000296  0.027786 -0.000385  0.027745 -0.000490  0.027739  ...  0.000181  0.028235  0.000205  0.028261  0.000238  0.028254

[80 rows x 80 columns]

           0         1         2         3         4         5   ...        74        75        76        77        78        79
0   0.006217 -0.000828  0.006210 -0.000822  0.006197 -0.000796  ...  0.005438 -0.000841  0.005445 -0.000848  0.005448 -0.000853
1  -0.000828  0.037982 -0.000805  0.037963 -0.000745  0.037924  ...  0.002543  0.038465  0.002470  0.038511  0.002435  0.038577
2   0.006210 -0.000805  0.006202 -0.000799  0.006190 -0.000773  ...  0.005435 -0.000817  0.005441 -0.000823  0.005445 -0.000828
3  -0.000822  0.037963 -0.000799  0.037945 -0.000739  0.037906  ...  0.002545  0.038446  0.002472  0.038492  0.002437  0.038558
4   0.006197 -0.000745  0.006190 -0.000739  0.006179 -0.000715  ...  0.005433 -0.000760  0.005439 -0.000767  0.005442 -0.000771
5  -0.000796  0.037924 -0.000773  0.037906 -0.000715  0.037869  ...  0.002562  0.038414  0.002488  0.038459  0.002454  0.038526
6   0.006193 -0.000720  0.006186 -0.000715  0.006175 -0.000691  ...  0.005434 -0.000735  0.005441 -0.000742  0.005444 -0.000746
7  -0.000777  0.037883 -0.000754  0.037865 -0.000697  0.037830  ...  0.002573  0.038378  0.002500  0.038423  0.002465  0.038490
8   0.006188 -0.000711  0.006181 -0.000705  0.006170 -0.000681  ...  0.005438 -0.000725  0.005444 -0.000731  0.005447 -0.000736
9  -0.000769  0.037905 -0.000746  0.037887 -0.000689  0.037852  ...  0.002585  0.038402  0.002511  0.038447  0.002476  0.038513
10  0.006184 -0.000735  0.006177 -0.000730  0.006166 -0.000705  ...  0.005444 -0.000749  0.005450 -0.000756  0.005453 -0.000760
11 -0.000759  0.037910 -0.000736  0.037892 -0.000679  0.037857  ...  0.002596  0.038406  0.002522  0.038452  0.002487  0.038518
12  0.006156 -0.000706  0.006149 -0.000700  0.006138 -0.000676  ...  0.005461 -0.000720  0.005467 -0.000726  0.005470 -0.000730
13 -0.000753  0.037951 -0.000730  0.037933 -0.000673  0.037899  ...  0.002601  0.038455  0.002528  0.038501  0.002493  0.038567
14  0.006109 -0.000604  0.006102 -0.000599  0.006090 -0.000574  ...  0.005498 -0.000614  0.005504 -0.000619  0.005506 -0.000622
15 -0.000761  0.038036 -0.000737  0.038018 -0.000680  0.037983  ...  0.002614  0.038554  0.002540  0.038600  0.002505  0.038667
16  0.006018 -0.000301  0.006012 -0.000296  0.006002 -0.000273  ...  0.005552 -0.000317  0.005557 -0.000321  0.005559 -0.000323
17 -0.000782  0.038115 -0.000759  0.038097 -0.000702  0.038062  ...  0.002627  0.038675  0.002552  0.038721  0.002517  0.038789
18  0.005890  0.000145  0.005884  0.000149  0.005877  0.000169  ...  0.005603  0.000122  0.005607  0.000120  0.005608  0.000121
19 -0.000763  0.038249 -0.000740  0.038231 -0.000683  0.038198  ...  0.002675  0.038865  0.002600  0.038913  0.002565  0.038981
20  0.005786  0.000593  0.005781  0.000597  0.005775  0.000616  ...  0.005671  0.000576  0.005674  0.000575  0.005675  0.000578
21 -0.000774  0.038406 -0.000750  0.038388 -0.000694  0.038355  ...  0.002702  0.039077  0.002626  0.039125  0.002590  0.039195
22  0.005690  0.000956  0.005685  0.000959  0.005679  0.000978  ...  0.005728  0.000943  0.005730  0.000944  0.005730  0.000949
23 -0.000771  0.038533 -0.000747  0.038514 -0.000690  0.038481  ...  0.002732  0.039255  0.002657  0.039304  0.002620  0.039374
24  0.005613  0.001253  0.005609  0.001256  0.005604  0.001274  ...  0.005772  0.001247  0.005774  0.001249  0.005773  0.001256
25 -0.000764  0.038666 -0.000740  0.038647 -0.000683  0.038615  ...  0.002756  0.039419  0.002680  0.039468  0.002643  0.039539
26  0.005564  0.001517  0.005560  0.001520  0.005556  0.001538  ...  0.005808  0.001516  0.005809  0.001520  0.005807  0.001527
27 -0.000782  0.038704 -0.000757  0.038685 -0.000700  0.038652  ...  0.002749  0.039477  0.002673  0.039526  0.002636  0.039597
28  0.005536  0.001693  0.005532  0.001696  0.005528  0.001714  ...  0.005835  0.001697  0.005836  0.001701  0.005834  0.001709
29 -0.000790  0.038743 -0.000766  0.038724 -0.000709  0.038692  ...  0.002741  0.039527  0.002665  0.039576  0.002628  0.039648
..       ...       ...       ...       ...       ...       ...  ...       ...       ...       ...       ...       ...       ...
50  0.005480  0.002221  0.005476  0.002223  0.005474  0.002240  ...  0.005887  0.002233  0.005887  0.002239  0.005884  0.002248
51 -0.000962  0.038811 -0.000937  0.038792 -0.000879  0.038759  ...  0.002540  0.039615  0.002464  0.039664  0.002427  0.039736
52  0.005476  0.002348  0.005472  0.002351  0.005470  0.002367  ...  0.005904  0.002363  0.005903  0.002369  0.005901  0.002379
53 -0.000967  0.038789 -0.000942  0.038770 -0.000885  0.038736  ...  0.002524  0.039596  0.002448  0.039645  0.002411  0.039717
54  0.005466  0.002481  0.005462  0.002483  0.005460  0.002500  ...  0.005913  0.002499  0.005912  0.002505  0.005909  0.002516
55 -0.000974  0.038735 -0.000950  0.038716 -0.000892  0.038682  ...  0.002507  0.039543  0.002430  0.039591  0.002393  0.039664
56  0.005460  0.002588  0.005456  0.002590  0.005454  0.002607  ...  0.005922  0.002609  0.005921  0.002615  0.005918  0.002626
57 -0.000973  0.038704 -0.000949  0.038685 -0.000891  0.038652  ...  0.002501  0.039512  0.002424  0.039561  0.002387  0.039633
58  0.005450  0.002686  0.005447  0.002688  0.005445  0.002704  ...  0.005931  0.002710  0.005930  0.002717  0.005927  0.002727
59 -0.000966  0.038644 -0.000942  0.038625 -0.000885  0.038592  ...  0.002493  0.039450  0.002417  0.039498  0.002380  0.039570
60  0.005444  0.002806  0.005441  0.002808  0.005439  0.002824  ...  0.005946  0.002833  0.005944  0.002840  0.005941  0.002851
61 -0.000958  0.038616 -0.000934  0.038597 -0.000877  0.038564  ...  0.002493  0.039423  0.002416  0.039471  0.002379  0.039542
62  0.005432  0.002909  0.005429  0.002910  0.005427  0.002927  ...  0.005952  0.002940  0.005950  0.002947  0.005947  0.002958
63 -0.000945  0.038571 -0.000920  0.038552 -0.000863  0.038519  ...  0.002492  0.039379  0.002416  0.039427  0.002379  0.039498
64  0.005427  0.002965  0.005424  0.002967  0.005423  0.002984  ...  0.005959  0.002999  0.005957  0.003006  0.005953  0.003018
65 -0.000923  0.038538 -0.000899  0.038519 -0.000842  0.038486  ...  0.002502  0.039343  0.002426  0.039390  0.002390  0.039461
66  0.005427  0.002979  0.005424  0.002981  0.005423  0.002998  ...  0.005961  0.003014  0.005959  0.003021  0.005955  0.003033
67 -0.000897  0.038480 -0.000873  0.038462 -0.000816  0.038429  ...  0.002515  0.039284  0.002439  0.039331  0.002403  0.039401
68  0.005428  0.002901  0.005425  0.002903  0.005424  0.002920  ...  0.005957  0.002935  0.005955  0.002942  0.005951  0.002954
69 -0.000875  0.038451 -0.000851  0.038432 -0.000794  0.038400  ...  0.002529  0.039250  0.002453  0.039297  0.002417  0.039368
70  0.005431  0.002792  0.005428  0.002794  0.005427  0.002811  ...  0.005947  0.002824  0.005946  0.002831  0.005942  0.002842
71 -0.000856  0.038427 -0.000832  0.038409 -0.000776  0.038376  ...  0.002540  0.039225  0.002464  0.039272  0.002428  0.039343
72  0.005437  0.002652  0.005434  0.002654  0.005432  0.002671  ...  0.005938  0.002680  0.005937  0.002687  0.005934  0.002698
73 -0.000849  0.038419 -0.000825  0.038400 -0.000768  0.038368  ...  0.002550  0.039216  0.002474  0.039263  0.002438  0.039333
74  0.005438  0.002543  0.005435  0.002545  0.005433  0.002562  ...  0.005928  0.002567  0.005927  0.002574  0.005924  0.002585
75 -0.000841  0.038465 -0.000817  0.038446 -0.000760  0.038414  ...  0.002567  0.039263  0.002491  0.039310  0.002455  0.039381
76  0.005445  0.002470  0.005441  0.002472  0.005439  0.002488  ...  0.005927  0.002491  0.005926  0.002498  0.005923  0.002509
77 -0.000848  0.038511 -0.000823  0.038492 -0.000767  0.038459  ...  0.002574  0.039310  0.002498  0.039358  0.002461  0.039429
78  0.005448  0.002435  0.005445  0.002437  0.005442  0.002454  ...  0.005924  0.002455  0.005923  0.002461  0.005920  0.002472
79 -0.000853  0.038577 -0.000828  0.038558 -0.000771  0.038526  ...  0.002585  0.039381  0.002509  0.039429  0.002472  0.039501

[80 rows x 80 columns]

           0         1         2         3         4         5   ...        74        75        76        77        78        79
0   0.048643  0.008128  0.050026  0.011602  0.050813  0.014364  ...  0.043465 -0.003034  0.042516 -0.004503  0.041367 -0.006260
1   0.008128  0.021187  0.008114  0.021396  0.008060  0.021609  ...  0.008530  0.020234  0.008543  0.020102  0.008565  0.019917
2   0.050026  0.008114  0.051476  0.011704  0.052302  0.014561  ...  0.044644 -0.003447  0.043657 -0.004966  0.042461 -0.006784
3   0.011602  0.021396  0.011704  0.021920  0.011717  0.022378  ...  0.011530  0.019479  0.011457  0.019217  0.011376  0.018878
4   0.050813  0.008060  0.052302  0.011717  0.053156  0.014629  ...  0.045314 -0.003743  0.044304 -0.005293  0.043081 -0.007146
5   0.014364  0.021609  0.014561  0.022378  0.014629  0.023028  ...  0.013917  0.018935  0.013776  0.018572  0.013613  0.018112
6   0.051028  0.007967  0.052531  0.011644  0.053394  0.014573  ...  0.045489 -0.003913  0.044472 -0.005472  0.043239 -0.007337
7   0.016035  0.021770  0.016288  0.022684  0.016387  0.023448  ...  0.015368  0.018653  0.015187  0.018231  0.014975  0.017700
8   0.050763  0.007815  0.052256  0.011478  0.053113  0.014393  ...  0.045244 -0.003998  0.044231 -0.005549  0.043004 -0.007404
9   0.016687  0.021856  0.016964  0.022820  0.017078  0.023624  ...  0.015942  0.018563  0.015746  0.018118  0.015516  0.017560
10  0.050422  0.007719  0.051904  0.011356  0.052755  0.014250  ...  0.044941 -0.004012  0.043935 -0.005552  0.042717 -0.007393
11  0.016579  0.021886  0.016851  0.022836  0.016962  0.023630  ...  0.015855  0.018634  0.015663  0.018195  0.015438  0.017643
12  0.050099  0.007698  0.051570  0.011308  0.052413  0.014181  ...  0.044662 -0.003946  0.043664 -0.005474  0.042455 -0.007302
13  0.015908  0.021851  0.016156  0.022742  0.016252  0.023489  ...  0.015277  0.018786  0.015102  0.018371  0.014897  0.017849
14  0.049783  0.007744  0.051239  0.011323  0.052073  0.014172  ...  0.044398 -0.003803  0.043410 -0.005319  0.042212 -0.007132
15  0.014678  0.021767  0.014882  0.022551  0.014954  0.023215  ...  0.014211  0.019040  0.014066  0.018669  0.013898  0.018201
16  0.049328  0.007804  0.050765  0.011340  0.051587  0.014155  ...  0.044018 -0.003610  0.043043 -0.005109  0.041861 -0.006901
17  0.012973  0.021644  0.013117  0.022280  0.013152  0.022827  ...  0.012733  0.019387  0.012630  0.019079  0.012513  0.018684
18  0.048704  0.007874  0.050111  0.011356  0.050918  0.014126  ...  0.043496 -0.003369  0.042539 -0.004845  0.041378 -0.006611
19  0.010984  0.021498  0.011058  0.021959  0.011051  0.022370  ...  0.011007  0.019799  0.010953  0.019565  0.010894  0.019259
20  0.047937  0.007949  0.049311  0.011360  0.050098  0.014074  ...  0.042852 -0.003071  0.041917 -0.004518  0.040783 -0.006249
21  0.008753  0.021337  0.008748  0.021604  0.008694  0.021862  ...  0.009071  0.020256  0.009071  0.020103  0.009079  0.019894
22  0.047028  0.008020  0.048363  0.011348  0.049126  0.013995  ...  0.042086 -0.002735  0.041177 -0.004147  0.040074 -0.005838
23  0.006400  0.021140  0.006312  0.021200  0.006209  0.021297  ...  0.007029  0.020714  0.007087  0.020648  0.007164  0.020542
24  0.045974  0.008070  0.047264  0.011302  0.048001  0.013873  ...  0.041194 -0.002380  0.040314 -0.003752  0.039247 -0.005395
25  0.004009  0.020959  0.003836  0.020810  0.003683  0.020741  ...  0.004955  0.021201  0.005072  0.021224  0.005221  0.021224
26  0.044788  0.008113  0.046028  0.011237  0.046735  0.013723  ...  0.040188 -0.001995  0.039341 -0.003323  0.038313 -0.004914
27  0.001577  0.020772  0.001319  0.020410  0.001115  0.020174  ...  0.002845  0.021694  0.003021  0.021807  0.003242  0.021914
28  0.043511  0.008154  0.044698  0.011163  0.045373  0.013557  ...  0.039104 -0.001587  0.038292 -0.002868  0.037307 -0.004401
29 -0.000814  0.020576 -0.001155  0.020003 -0.001409  0.019603  ...  0.000768  0.022166  0.001003  0.022368  0.001294  0.022581
..       ...       ...       ...       ...       ...       ...  ...       ...       ...       ...       ...       ...       ...
50  0.035656  0.009040  0.036514  0.011315  0.036992  0.013131  ...  0.032475  0.001621  0.031884  0.000646  0.031168 -0.000527
51 -0.014376  0.018785 -0.015157  0.017073 -0.015671  0.015778  ... -0.011131  0.024017 -0.010587  0.024704 -0.009920  0.025496
52  0.036925  0.009035  0.037834  0.011426  0.038342  0.013334  ...  0.033559  0.001247  0.032934  0.000222  0.032176 -0.001008
53 -0.013255  0.018933 -0.013999  0.017317 -0.014493  0.016098  ... -0.010148  0.023857 -0.009630  0.024503 -0.008995  0.025246
54  0.038541  0.009021  0.039514  0.011560  0.040060  0.013584  ...  0.034937  0.000765  0.034269 -0.000321  0.033458 -0.001625
55 -0.011610  0.019140 -0.012300  0.017666 -0.012761  0.016559  ... -0.008709  0.023612 -0.008229  0.024197 -0.007640  0.024868
56  0.040321  0.009018  0.041364  0.011718  0.041952  0.013869  ...  0.036457  0.000252  0.035742 -0.000901  0.034873 -0.002285
57 -0.009634  0.019345 -0.010259  0.018045 -0.010680  0.017072  ... -0.006985  0.023266 -0.006552  0.023778 -0.006020  0.024361
58  0.042050  0.008999  0.043162  0.011856  0.043791  0.014130  ...  0.037933 -0.000262  0.037170 -0.001481  0.036246 -0.002942
59 -0.007447  0.019571 -0.007998  0.018462 -0.008376  0.017639  ... -0.005076  0.022887 -0.004695  0.023317 -0.004226  0.023803
60  0.043505  0.008975  0.044675  0.011962  0.045340  0.014341  ...  0.039172 -0.000704  0.038371 -0.001977  0.037399 -0.003503
61 -0.005316  0.019802 -0.005796  0.018878 -0.006131  0.018200  ... -0.003216  0.022528 -0.002886  0.022880 -0.002478  0.023272
62  0.044522  0.008914  0.045735  0.011994  0.046424  0.014446  ...  0.040036 -0.001059  0.039207 -0.002371  0.038201 -0.003942
63 -0.003465  0.019994 -0.003883  0.019229 -0.004181  0.018675  ... -0.001601  0.022216 -0.001314  0.022500 -0.000959  0.022812
64  0.045069  0.008835  0.046306  0.011967  0.047009  0.014459  ...  0.040496 -0.001300  0.039651 -0.002632  0.038626 -0.004229
65 -0.002128  0.020152 -0.002501  0.019500 -0.002773  0.019035  ... -0.000432  0.022014 -0.000176  0.022251  0.000141  0.022506
66  0.045206  0.008751  0.046449  0.011897  0.047156  0.014401  ...  0.040604 -0.001428  0.039754 -0.002767  0.038723 -0.004371
67 -0.001371  0.020255 -0.001721  0.019663 -0.001979  0.019245  ...  0.000235  0.021923  0.000474  0.022135  0.000771  0.022359
68  0.045043  0.008661  0.046282  0.011797  0.046988  0.014292  ...  0.040456 -0.001483  0.039609 -0.002817  0.038582 -0.004414
69 -0.001111  0.020322 -0.001453  0.019748 -0.001707  0.019344  ...  0.000471  0.021934  0.000705  0.022138  0.000997  0.022353
70  0.044694  0.008592  0.045921  0.011699  0.046619  0.014171  ...  0.040150 -0.001462  0.039311 -0.002784  0.038293 -0.004368
71 -0.001306  0.020341 -0.001657  0.019744 -0.001916  0.019323  ...  0.000310  0.022021  0.000551  0.022234  0.000850  0.022461
72  0.044181  0.008548  0.045388  0.011611  0.046075  0.014048  ...  0.039708 -0.001365  0.038882 -0.002669  0.037880 -0.004230
73 -0.001928  0.020311 -0.002302  0.019656 -0.002575  0.019190  ... -0.000225  0.022175  0.000032  0.022412  0.000351  0.022668
74  0.043465  0.008530  0.044644  0.011530  0.045314  0.013917  ...  0.039095 -0.001182  0.038288 -0.002459  0.037309 -0.003989
75 -0.003034  0.020234 -0.003447  0.019479 -0.003743  0.018935  ... -0.001182  0.022412 -0.000897  0.022692 -0.000545  0.022997
76  0.042516  0.008543  0.043657  0.011457  0.044304  0.013776  ...  0.038288 -0.000897  0.037507 -0.002139  0.036559 -0.003627
77 -0.004503  0.020102 -0.004966  0.019217 -0.005293  0.018572  ... -0.002459  0.022692 -0.002139  0.023027 -0.001744  0.023397
78  0.041367  0.008565  0.042461  0.011376  0.043081  0.013613  ...  0.037309 -0.000545  0.036559 -0.001744  0.035649 -0.003180
79 -0.006260  0.019917 -0.006784  0.018878 -0.007146  0.018112  ... -0.003989  0.022997 -0.003627  0.023397 -0.003180  0.023846

[80 rows x 80 columns]

           0         1         2         3         4         5   ...        74        75        76        77        78        79
0   0.020695  0.019291  0.020112  0.020055  0.019658  0.020672  ...  0.021543  0.011199  0.022234  0.009607  0.023027  0.007626
1   0.019291  0.044772  0.018084  0.045669  0.017127  0.046348  ...  0.024059  0.035489  0.025806  0.033239  0.027779  0.030302
2   0.020112  0.018084  0.019570  0.018814  0.019149  0.019409  ...  0.020805  0.010301  0.021436  0.008786  0.022162  0.006907
3   0.020055  0.045669  0.018814  0.046610  0.017833  0.047316  ...  0.024898  0.036045  0.026685  0.033720  0.028704  0.030689
4   0.019658  0.017127  0.019149  0.017833  0.018752  0.018409  ...  0.020231  0.009583  0.020816  0.008129  0.021490  0.006327
5   0.020672  0.046348  0.019409  0.047316  0.018409  0.048045  ...  0.025564  0.036455  0.027378  0.034073  0.029429  0.030970
6   0.019366  0.016502  0.018877  0.017193  0.018496  0.017758  ...  0.019861  0.009114  0.020416  0.007698  0.021056  0.005947
7   0.021075  0.046787  0.019798  0.047771  0.018786  0.048515  ...  0.025996  0.036721  0.027828  0.034302  0.029900  0.031153
8   0.019266  0.016260  0.018784  0.016945  0.018410  0.017507  ...  0.019732  0.008925  0.020276  0.007524  0.020904  0.005790
9   0.021290  0.047008  0.020005  0.048002  0.018987  0.048752  ...  0.026225  0.036851  0.028066  0.034413  0.030149  0.031240
10  0.019385  0.016451  0.018897  0.017143  0.018516  0.017708  ...  0.019874  0.009059  0.020428  0.007643  0.021066  0.005892
11  0.021276  0.046986  0.019992  0.047978  0.018976  0.048728  ...  0.026208  0.036837  0.028049  0.034401  0.030130  0.031231
12  0.019710  0.017064  0.019201  0.017772  0.018805  0.018349  ...  0.020274  0.009505  0.020858  0.008049  0.021530  0.006245
13  0.021071  0.046756  0.019794  0.047739  0.018783  0.048482  ...  0.025986  0.036697  0.027817  0.034280  0.029887  0.031134
14  0.020214  0.018064  0.019671  0.018797  0.019249  0.019395  ...  0.020902  0.010242  0.021534  0.008721  0.022262  0.006833
15  0.020667  0.046333  0.019404  0.047298  0.018405  0.048026  ...  0.025553  0.036452  0.027367  0.034073  0.029417  0.030973
16  0.020810  0.019240  0.020228  0.020005  0.019774  0.020625  ...  0.021653  0.011095  0.022342  0.009497  0.023134  0.007508
17  0.020156  0.045835  0.018911  0.046778  0.017925  0.047488  ...  0.025004  0.036185  0.026798  0.033854  0.028826  0.030813
18  0.021534  0.020686  0.020902  0.021489  0.020412  0.022134  ...  0.022565  0.012161  0.023326  0.010470  0.024199  0.008360
19  0.019427  0.044989  0.018211  0.045899  0.017247  0.046585  ...  0.024200  0.035673  0.025956  0.033413  0.027942  0.030461
20  0.022232  0.022142  0.021552  0.022981  0.021023  0.023654  ...  0.023454  0.013243  0.024286  0.011458  0.025241  0.009227
21  0.018591  0.043974  0.017410  0.044846  0.016473  0.045502  ...  0.023271  0.035042  0.024983  0.032867  0.026917  0.030021
22  0.022943  0.023604  0.022213  0.024481  0.021647  0.025180  ...  0.024354  0.014327  0.025259  0.012448  0.026296  0.010095
23  0.017659  0.042811  0.016518  0.043640  0.015612  0.044264  ...  0.022232  0.034308  0.023891  0.032226  0.025766  0.029499
24  0.023621  0.025028  0.022842  0.025941  0.022238  0.026667  ...  0.025218  0.015387  0.026193  0.013417  0.027311  0.010945
25  0.016586  0.041438  0.015492  0.042218  0.014623  0.042803  ...  0.021030  0.033439  0.022627  0.031467  0.024431  0.028880
26  0.024192  0.026363  0.023369  0.027307  0.022730  0.028056  ...  0.025970  0.016407  0.027012  0.014356  0.028206  0.011778
27  0.015408  0.039889  0.014367  0.040615  0.013540  0.041159  ...  0.019701  0.032445  0.021227  0.030597  0.022949  0.028165
28  0.024681  0.027601  0.023816  0.028573  0.023146  0.029341  ...  0.026633  0.017366  0.027737  0.015242  0.029002  0.012567
29  0.014138  0.038180  0.013156  0.038847  0.012374  0.039346  ...  0.018264  0.031335  0.019712  0.029620  0.021345  0.027357
..       ...       ...       ...       ...       ...       ...  ...       ...       ...       ...       ...       ...       ...
50  0.024764  0.032584  0.023738  0.033610  0.022941  0.034406  ...  0.027651  0.021897  0.029028  0.019573  0.030600  0.016619
51  0.001035  0.019949  0.000666  0.020020  0.000360  0.020063  ...  0.003369  0.019305  0.003989  0.018955  0.004675  0.018431
52  0.024574  0.031973  0.023569  0.032987  0.022789  0.033774  ...  0.027368  0.021407  0.028712  0.019117  0.030246  0.016209
53  0.002096  0.021684  0.001668  0.021807  0.001316  0.021890  ...  0.004630  0.020514  0.005333  0.020041  0.006114  0.019357
54  0.024294  0.031060  0.023320  0.032056  0.022564  0.032831  ...  0.026950  0.020673  0.028244  0.018434  0.029723  0.015593
55  0.003669  0.024195  0.003155  0.024394  0.002735  0.024533  ...  0.006486  0.022252  0.007309  0.021598  0.008228  0.020682
56  0.023828  0.029765  0.022899  0.030733  0.022177  0.031489  ...  0.026295  0.019654  0.027522  0.017490  0.028922  0.014749
57  0.005549  0.027169  0.004933  0.027459  0.004435  0.027666  ...  0.008698  0.024305  0.009663  0.023436  0.010743  0.022244
58  0.023218  0.028137  0.022345  0.029068  0.021666  0.029800  ...  0.025451  0.018383  0.026593  0.016315  0.027897  0.013701
59  0.007535  0.030200  0.006815  0.030585  0.006237  0.030864  ...  0.011016  0.026373  0.012124  0.025281  0.013368  0.023803
60  0.022491  0.026321  0.021680  0.027211  0.021049  0.027913  ...  0.024473  0.016985  0.025521  0.015025  0.026718  0.012554
61  0.009421  0.032980  0.008606  0.033455  0.007953  0.033802  ...  0.013205  0.028250  0.014444  0.026947  0.015837  0.025202
62  0.021805  0.024606  0.021051  0.025457  0.020465  0.026132  ...  0.023547  0.015657  0.024507  0.013800  0.025604  0.011463
63  0.011057  0.035323  0.010162  0.035874  0.009448  0.036280  ...  0.015085  0.029817  0.016432  0.028336  0.017948  0.026365
64  0.021249  0.023184  0.020543  0.024003  0.019994  0.024655  ...  0.022793  0.014550  0.023681  0.012775  0.024696  0.010549
65  0.012325  0.037043  0.011372  0.037653  0.010612  0.038104  ...  0.016523  0.030945  0.017948  0.029331  0.019552  0.027191
66  0.020846  0.022189  0.020174  0.022986  0.019650  0.023622  ...  0.022254  0.013782  0.023092  0.012067  0.024050  0.009918
67  0.013128  0.038091  0.012139  0.038738  0.011352  0.039217  ...  0.017425  0.031621  0.018896  0.029925  0.020554  0.027681
68  0.020643  0.021721  0.019986  0.022507  0.019474  0.023135  ...  0.021990  0.013425  0.022805  0.011738  0.023738  0.009626
69  0.013421  0.038442  0.012421  0.039102  0.011624  0.039591  ...  0.017748  0.031841  0.019234  0.030116  0.020910  0.027836
70  0.020692  0.021873  0.020029  0.022662  0.019513  0.023292  ...  0.022064  0.013544  0.022888  0.011847  0.023831  0.009723
71  0.013168  0.038102  0.012180  0.038750  0.011392  0.039230  ...  0.017463  0.031620  0.018934  0.029921  0.020592  0.027675
72  0.021012  0.022691  0.020321  0.023498  0.019783  0.024142  ...  0.022503  0.014173  0.023370  0.012427  0.024361  0.010237
73  0.012398  0.037112  0.011444  0.037725  0.010683  0.038178  ...  0.016599  0.030987  0.018026  0.029368  0.019632  0.027222
74  0.021543  0.024059  0.020805  0.024898  0.020231  0.025564  ...  0.023231  0.015235  0.024168  0.013406  0.025240  0.011108
75  0.011199  0.035489  0.010301  0.036045  0.009583  0.036455  ...  0.015235  0.029933  0.016586  0.028443  0.018106  0.026460
76  0.022234  0.025806  0.021436  0.026685  0.020816  0.027378  ...  0.024168  0.016586  0.025196  0.014652  0.026371  0.012216
77  0.009607  0.033239  0.008786  0.033720  0.008129  0.034073  ...  0.013406  0.028443  0.014652  0.027128  0.016053  0.025365
78  0.023027  0.027779  0.022162  0.028704  0.021490  0.029429  ...  0.025240  0.018106  0.026371  0.016053  0.027663  0.013459
79  0.007626  0.030302  0.006907  0.030689  0.006327  0.030970  ...  0.011108  0.026460  0.012216  0.025365  0.013459  0.023884

[80 rows x 80 columns]

           0         1         2         3         4         5   ...        74        75        76        77        78        79
0   0.082450  0.008387  0.082739  0.009760  0.082867  0.010952  ...  0.079050 -0.000297  0.078715 -0.001334  0.078335 -0.002542
1   0.008387  0.027596  0.008335  0.027760  0.008254  0.027926  ...  0.008257  0.026352  0.008219  0.026171  0.008185  0.025931
2   0.082739  0.008335  0.083037  0.009714  0.083169  0.010915  ...  0.079313 -0.000387  0.078974 -0.001428  0.078589 -0.002640
3   0.009760  0.027760  0.009714  0.027976  0.009637  0.028175  ...  0.009552  0.026324  0.009506  0.026117  0.009462  0.025846
4   0.082867  0.008254  0.083169  0.009637  0.083305  0.010840  ...  0.079428 -0.000487  0.079086 -0.001529  0.078698 -0.002743
5   0.010952  0.027926  0.010915  0.028175  0.010840  0.028405  ...  0.010677  0.026322  0.010622  0.026093  0.010569  0.025795
6   0.082831  0.008181  0.083135  0.009564  0.083273  0.010766  ...  0.079388 -0.000556  0.079045 -0.001596  0.078655 -0.002809
7   0.011901  0.028058  0.011869  0.028331  0.011796  0.028582  ...  0.011575  0.026335  0.011515  0.026090  0.011456  0.025774
8   0.082648  0.008116  0.082951  0.009493  0.083088  0.010692  ...  0.079209 -0.000599  0.078866 -0.001637  0.078477 -0.002846
9   0.012426  0.028109  0.012397  0.028392  0.012325  0.028653  ...  0.012075  0.026318  0.012013  0.026065  0.011950  0.025739
10  0.082494  0.008096  0.082796  0.009470  0.082932  0.010665  ...  0.079059 -0.000606  0.078717 -0.001642  0.078329 -0.002849
11  0.012544  0.028124  0.012515  0.028408  0.012443  0.028670  ...  0.012191  0.026326  0.012128  0.026072  0.012065  0.025745
12  0.082441  0.008128  0.082741  0.009500  0.082877  0.010694  ...  0.079010 -0.000573  0.078669 -0.001609  0.078282 -0.002817
13  0.012242  0.028080  0.012211  0.028356  0.012138  0.028611  ...  0.011907  0.026328  0.011846  0.026081  0.011786  0.025761
14  0.082475  0.008193  0.082773  0.009564  0.082906  0.010759  ...  0.079047 -0.000511  0.078707 -0.001549  0.078322 -0.002758
15  0.011597  0.027999  0.011562  0.028258  0.011488  0.028498  ...  0.011297  0.026341  0.011240  0.026106  0.011184  0.025800
16  0.082481  0.008253  0.082776  0.009624  0.082909  0.010816  ...  0.079066 -0.000459  0.078728 -0.001499  0.078345 -0.002709
17  0.010720  0.027903  0.010680  0.028140  0.010603  0.028361  ...  0.010465  0.026374  0.010414  0.026155  0.010364  0.025869
18  0.082401  0.008270  0.082692  0.009639  0.082824  0.010826  ...  0.079007 -0.000450  0.078672 -0.001491  0.078292 -0.002703
19  0.009757  0.027815  0.009711  0.028025  0.009630  0.028226  ...  0.009550  0.026442  0.009505  0.026242  0.009461  0.025978
20  0.082357  0.008327  0.082644  0.009692  0.082774  0.010876  ...  0.078979 -0.000391  0.078647 -0.001432  0.078271 -0.002644
21  0.008657  0.027695  0.008604  0.027875  0.008520  0.028051  ...  0.008508  0.026488  0.008469  0.026310  0.008433  0.026072
22  0.082259  0.008401  0.082542  0.009761  0.082669  0.010942  ...  0.078902 -0.000305  0.078574 -0.001346  0.078201 -0.002559
23  0.007466  0.027541  0.007407  0.027689  0.007319  0.027839  ...  0.007379  0.026514  0.007348  0.026359  0.007320  0.026148
24  0.082097  0.008439  0.082375  0.009794  0.082499  0.010969  ...  0.078761 -0.000248  0.078437 -0.001287  0.078069 -0.002498
25  0.006275  0.027400  0.006209  0.027516  0.006118  0.027639  ...  0.006254  0.026565  0.006230  0.026434  0.006210  0.026252
26  0.081867  0.008475  0.082140  0.009821  0.082260  0.010989  ...  0.078558 -0.000178  0.078238 -0.001214  0.077875 -0.002421
27  0.005087  0.027243  0.005013  0.027327  0.004920  0.027422  ...  0.005131  0.026600  0.005113  0.026494  0.005101  0.026342
28  0.081555  0.008497  0.081822  0.009833  0.081939  0.010993  ...  0.078277 -0.000110  0.077962 -0.001141  0.077604 -0.002342
29  0.003881  0.027059  0.003801  0.027109  0.003705  0.027177  ...  0.003991  0.026612  0.003981  0.026532  0.003977  0.026411
..       ...       ...       ...       ...       ...       ...  ...       ...       ...       ...       ...       ...       ...
50  0.077341  0.008437  0.077572  0.009673  0.077667  0.010745  ...  0.074437  0.000531  0.074168 -0.000418  0.073861 -0.001525
51 -0.008409  0.024984 -0.008529  0.024757 -0.008639  0.024588  ... -0.007689  0.026469 -0.007643  0.026629 -0.007583  0.026789
52  0.077593  0.008495  0.077829  0.009741  0.077926  0.010821  ...  0.074664  0.000541  0.074390 -0.000414  0.074078 -0.001528
53 -0.007804  0.025085 -0.007921  0.024876 -0.008031  0.024720  ... -0.007113  0.026467 -0.007070  0.026612 -0.007012  0.026755
54  0.077978  0.008545  0.078219  0.009805  0.078320  0.010897  ...  0.075012  0.000521  0.074732 -0.000441  0.074415 -0.001565
55 -0.006866  0.025271 -0.006980  0.025088 -0.007088  0.024955  ... -0.006222  0.026495 -0.006183  0.026620 -0.006130  0.026737
56  0.078438  0.008581  0.078686  0.009856  0.078790  0.010961  ...  0.075430  0.000483  0.075145 -0.000489  0.074820 -0.001623
57 -0.005731  0.025490 -0.005840  0.025338 -0.005948  0.025230  ... -0.005143  0.026520 -0.005109  0.026618 -0.005062  0.026704
58  0.078917  0.008598  0.079172  0.009887  0.079280  0.011005  ...  0.075866  0.000423  0.075574 -0.000557  0.075241 -0.001700
59 -0.004417  0.025746 -0.004522  0.025629 -0.004628  0.025550  ... -0.003896  0.026558 -0.003868  0.026626 -0.003828  0.026676
60  0.079352  0.008585  0.079613  0.009887  0.079726  0.011016  ...  0.076260  0.000347  0.075961 -0.000640  0.075621 -0.001792
61 -0.003026  0.025966 -0.003125  0.025885 -0.003229  0.025837  ... -0.002574  0.026556 -0.002553  0.026594 -0.002520  0.026608
62  0.079646  0.008553  0.079912  0.009864  0.080028  0.011000  ...  0.076523  0.000270  0.076219 -0.000721  0.075873 -0.001878
63 -0.001700  0.026217 -0.001795  0.026167 -0.001897  0.026146  ... -0.001315  0.026600 -0.001299  0.026610 -0.001274  0.026592
64  0.079859  0.008510  0.080129  0.009826  0.080246  0.010967  ...  0.076712  0.000196  0.076404 -0.000799  0.076054 -0.001959
65 -0.000547  0.026424 -0.000638  0.026400 -0.000738  0.026402  ... -0.000219  0.026633 -0.000209  0.026619 -0.000190  0.026574
66  0.079938  0.008463  0.080210  0.009780  0.080328  0.010922  ...  0.076778  0.000137  0.076468 -0.000859  0.076115 -0.002020
67  0.000328  0.026553  0.000240  0.026548  0.000141  0.026565  ...  0.000615  0.026640  0.000621  0.026610  0.000636  0.026546
68  0.079861  0.008410  0.080133  0.009725  0.080251  0.010865  ...  0.076699  0.000092  0.076389 -0.000902  0.076036 -0.002061
69  0.000813  0.026616  0.000726  0.026619  0.000627  0.026644  ...  0.001080  0.026645  0.001084  0.026608  0.001097  0.026535
70  0.079665  0.008359  0.079935  0.009669  0.080054  0.010805  ...  0.076513  0.000063  0.076204 -0.000928  0.075852 -0.002083
71  0.000868  0.026579  0.000781  0.026582  0.000682  0.026606  ...  0.001138  0.026620  0.001143  0.026585  0.001156  0.026514
72  0.079377  0.008307  0.079645  0.009610  0.079762  0.010741  ...  0.076247  0.000047  0.075940 -0.000940  0.075592 -0.002091
73  0.000459  0.026478  0.000372  0.026469  0.000272  0.026483  ...  0.000757  0.026601  0.000764  0.026577  0.000780  0.026520
74  0.079050  0.008257  0.079313  0.009552  0.079428  0.010677  ...  0.075948  0.000044  0.075647 -0.000939  0.075303 -0.002085
75 -0.000297  0.026352 -0.000387  0.026324 -0.000487  0.026322  ...  0.000044  0.026612  0.000055  0.026610  0.000075  0.026574
76  0.078715  0.008219  0.078974  0.009506  0.079086  0.010622  ...  0.075647  0.000055  0.075351 -0.000923  0.075013 -0.002063
77 -0.001334  0.026171 -0.001428  0.026117 -0.001529  0.026093  ... -0.000939  0.026610 -0.000923  0.026634 -0.000897  0.026626
78  0.078335  0.008185  0.078589  0.009462  0.078698  0.010569  ...  0.075303  0.000075  0.075013 -0.000897  0.074683 -0.002030
79 -0.002542  0.025931 -0.002640  0.025846 -0.002743  0.025795  ... -0.002085  0.026574 -0.002063  0.026626 -0.002030  0.026652

[80 rows x 80 columns]

 Number of iteration in EM algo ==  10
Probability
[0.1756777481237837, 0.19862369287681764, 0.18025364546347933, 0.21109780759942032, 0.23434710593649904] 

final cluster of all points according to EM
[4 1 3 3 1 1 3 2 3 1 3 4 1 3 1 1 2 1 3 4 1 1 3 1 1 3 4 2 2 1 4 3 4 3 3 1 3
 3 2 3 3 2 3 2 1 2 3 4 4 3 1 1 3 3 2 1 3 1 4 1 2 3 3 2 3 4 3 1 4 3 3 1 1 3
 1 1 4 3 3 3 4 2 2 2 2 3 4 3 4 2 2 2 3 2 1 3 4 1 3 1 3 1 3 2 3 3 4 3 2 3 3
 3 3 3 4 3 3 1 2 2 4 1 3 3 2 1 1 4 1 3 3 1 3 4 3 1 4 1 2 4 3 4 2 3 1 2 4 4
 2 4 2 3 3 4 3 3 1 1 3 4 3 2 1 4 4 4 1 2 2 4 1 2 1 2 1 3 2 4 4 1 4 2 4 4 2
 1 2 3 3 2 3 2 3 4 4 2 4 4 4 4 2 4 3 1 2 1 1 4 4 1 1 3 4 4 1 4 4 4 1 4 4 2
 1 3 4 4 4 2 2 2 4 4 2 4 4 4 4 2 4 4 4 2 4 4 2 4 2 4 4 4 3 4 3 2 2 4 2 4 4
 2 1 4 3 1 3 4 4 4]
Final size of each cluster
Frequency of unique values of the said array:
[[ 1  2  3  4]
 [57 56 75 80]]
contigency table 
   1.0   2.0   4.0   3.0   5.0
0  0.0  23.0  30.0   1.0  74.0
1  0.0  33.0   0.0   0.0   0.0
2  0.0   1.0   0.0  40.0   0.0
3  0.0   0.0   0.0  34.0   2.0
4  0.0   0.0  26.0   0.0   4.0
purity score ==  77.23880597014924 %
(base) Vrishtis-MBP:Assignment_6 vrishtijain$ python assign6.py f3.csv 5 0.1
Final mean of each cluster
         0         1         2         3         4         5   ...        74        75        76        77        78        79
0  0.102492 -0.381706  0.101502 -0.379739  0.100775 -0.378391  ...  0.093365 -0.417495  0.094118 -0.422845  0.094922 -0.429318
1  0.014403 -0.306563  0.013622 -0.306737  0.013093 -0.307101  ...  0.014244 -0.325327  0.014630 -0.328041  0.015074 -0.331356
2 -0.153555 -0.381368 -0.154784 -0.386366 -0.155348 -0.390688  ... -0.151143 -0.373373 -0.150868 -0.371992 -0.150507 -0.370287
3  0.232649 -0.305682  0.230614 -0.300648  0.228949 -0.296780  ...  0.224451 -0.365957  0.226693 -0.375655  0.229180 -0.387561
4  0.008213 -0.304098  0.007536 -0.304476  0.007090 -0.304999  ...  0.008329 -0.321035  0.008563 -0.323405  0.008840 -0.326290

[5 rows x 80 columns]
Final covariance matrix

           0         1         2         3         4         5   ...        74        75        76        77        78        79
0   0.101990  0.023656  0.101682  0.025988  0.101347  0.027924  ...  0.099087  0.005997  0.099539  0.003182  0.100042 -0.000254
1   0.023656  0.066626  0.023081  0.067306  0.022580  0.067874  ...  0.027489  0.060650  0.028248  0.059382  0.029117  0.057725
2   0.101682  0.023081  0.101401  0.025404  0.101084  0.027335  ...  0.098705  0.005563  0.099126  0.002783  0.099595 -0.000606
3   0.025988  0.067306  0.025404  0.068071  0.024894  0.068700  ...  0.029757  0.060837  0.030531  0.059486  0.031416  0.057725
4   0.101347  0.022580  0.101084  0.024894  0.100783  0.026817  ...  0.098317  0.005183  0.098716  0.002434  0.099158 -0.000917
5   0.027924  0.067874  0.027335  0.068700  0.026817  0.069380  ...  0.031634  0.061003  0.032418  0.059584  0.033314  0.057740
6   0.101020  0.022204  0.100769  0.024509  0.100477  0.026425  ...  0.097960  0.004906  0.098344  0.002179  0.098770 -0.001145
..
75  0.005997  0.060650  0.005563  0.060837  0.005183  0.061003  ...  0.010136  0.058884  0.010705  0.058323  0.011359  0.057532
76  0.099539  0.028248  0.099126  0.030531  0.098716  0.032418  ...  0.097551  0.010705  0.098154  0.007834  0.098827  0.004311
77  0.003182  0.059382  0.002783  0.059486  0.002434  0.059584  ...  0.007313  0.058323  0.007834  0.057895  0.008434  0.057269
78  0.100042  0.029117  0.099595  0.031416  0.099158  0.033314  ...  0.098177  0.011359  0.098827  0.008434  0.099555  0.004839
79 -0.000254  0.057725 -0.000606  0.057725 -0.000917  0.057740  ...  0.003854  0.057532  0.004311  0.057269  0.004839  0.056848

[80 rows x 80 columns]

           0         1         2         3         4         5   ...        74        75        76        77        78        79
0   0.099195  0.017229  0.099188  0.019697  0.099054  0.021732  ...  0.095770  0.001036  0.095989 -0.001459  0.096210 -0.004497
1   0.017229  0.094994  0.016999  0.095473  0.016754  0.095898  ...  0.023035  0.092442  0.023377  0.091849  0.023798  0.091036
2   0.099188  0.016999  0.099206  0.019473  0.099089  0.021516  ...  0.095705  0.000862  0.095899 -0.001614  0.096092 -0.004627
3   0.019697  0.095473  0.019473  0.096052  0.019228  0.096551  ...  0.025398  0.092426  0.025741  0.091754  0.026164  0.090845
4   0.099054  0.016754  0.099089  0.019228  0.098984  0.021270  ...  0.095532  0.000676  0.095709 -0.001782  0.095881 -0.004772
5   0.021732  0.095898  0.021516  0.096551  0.021270  0.097112  ...  0.027344  0.092452  0.027688  0.091716  0.028110  0.090730
..
75  0.001036  0.092442  0.000862  0.092426  0.000676  0.092452  ...  0.007402  0.093570  0.007632  0.093562  0.007933  0.093467
76  0.095989  0.023377  0.095899  0.025741  0.095709  0.027688  ...  0.093696  0.007632  0.094018  0.005157  0.094360  0.002128
77 -0.001459  0.091849 -0.001614  0.091754 -0.001782  0.091716  ...  0.004957  0.093562  0.005157  0.093661  0.005423  0.093694
78  0.096210  0.023798  0.096092  0.026164  0.095881  0.028110  ...  0.094001  0.007933  0.094360  0.005423  0.094742  0.002349
79 -0.004497  0.091036 -0.004627  0.090845 -0.004772  0.090730  ...  0.001969  0.093467  0.002128  0.093694  0.002349  0.093889

[80 rows x 80 columns]

           0         1         2         3         4         5   ...        74        75        76        77        78        79
0   0.103939  0.020866  0.104853  0.024187  0.105314  0.026905  ...  0.099335  0.005754  0.098732  0.003732  0.097993  0.001312
1   0.020866  0.079044  0.020864  0.079516  0.020782  0.079953  ...  0.024862  0.077125  0.024881  0.076812  0.024930  0.076378
2   0.104853  0.020864  0.105801  0.024237  0.106282  0.027000  ...  0.100153  0.005579  0.099528  0.003539  0.098763  0.001097
3   0.024187  0.079516  0.024237  0.080165  0.024184  0.080737  ...  0.027951  0.076962  0.027933  0.076562  0.027936  0.076023
4   0.105314  0.020782  0.106282  0.024184  0.106777  0.026971  ...  0.100559  0.005403  0.099920  0.003354  0.099139  0.000902
5   0.026905  0.079953  0.027000  0.080737  0.026971  0.081418  ...  0.030482  0.076888  0.030434  0.076417  0.030401  0.075795
..
76  0.098732  0.024881  0.099528  0.027933  0.099920  0.030434  ...  0.095150  0.010789  0.094642  0.008891  0.094018  0.006613
77  0.003732  0.076812  0.003539  0.076562  0.003354  0.076417  ...  0.008757  0.078352  0.008891  0.078511  0.009084  0.078640
78  0.097993  0.024930  0.098763  0.027936  0.099139  0.030401  ...  0.094504  0.010969  0.094018  0.009084  0.093420  0.006818
79  0.001312  0.076378  0.001097  0.076023  0.000902  0.075795  ...  0.006468  0.078408  0.006613  0.078640  0.006818  0.078859

[80 rows x 80 columns]

           0         1         2         3         4         5   ...        74        75        76        77        78        79
0   0.071048  0.015904  0.070311  0.017563  0.069717  0.018919  ...  0.069504  0.000412  0.070386 -0.002320  0.071385 -0.005685
1   0.015904  0.068568  0.015041  0.069225  0.014335  0.069742  ...  0.021430  0.062202  0.022647  0.060636  0.024029  0.058567
2   0.070311  0.015041  0.069609  0.016670  0.069041  0.018007  ...  0.068669 -0.000171  0.069504 -0.002837  0.070451 -0.006118
3   0.017563  0.069225  0.016670  0.069941  0.015942  0.070499  ...  0.023091  0.062413  0.024343  0.060760  0.025765  0.058583
4   0.069717  0.014335  0.069041  0.015942  0.068493  0.017261  ...  0.068000 -0.000658  0.068799 -0.003273  0.069705 -0.006487
5   0.018919  0.069742  0.018007  0.070499  0.017261  0.071091  ...  0.024439  0.062573  0.025716  0.060852  0.027166  0.058591
..
75  0.000412  0.062202 -0.000171  0.062413 -0.000658  0.062573  ...  0.005863  0.060396  0.006727  0.059672  0.007709  0.058650
76  0.070386  0.022647  0.069504  0.024343  0.068799  0.025716  ...  0.069986  0.006727  0.071098  0.003815  0.072356  0.000202
77 -0.002320  0.060636 -0.002837  0.060760 -0.003273  0.060852  ...  0.003038  0.059672  0.003815  0.059123  0.004699  0.058317
78  0.071385  0.024029  0.070451  0.025765  0.069705  0.027166  ...  0.071167  0.007709  0.072356  0.004699  0.073704  0.000958
79 -0.005685  0.058567 -0.006118  0.058583 -0.006487  0.058591  ... -0.000462  0.058650  0.000202  0.058317  0.000958  0.057785

[80 rows x 80 columns]

           0         1         2         3         4         5   ...        74        75        76        77        78        79
0   0.097127  0.015869  0.097184  0.018292  0.097099  0.020293  ...  0.093574  0.000264  0.093714 -0.002106  0.093845 -0.004985
1   0.015869  0.096981  0.015679  0.097425  0.015463  0.097824  ...  0.021767  0.094844  0.022054  0.094334  0.022416  0.093628
2   0.097184  0.015679  0.097266  0.018110  0.097197  0.020120  ...  0.093575  0.000112  0.093692 -0.002242  0.093796 -0.005100
3   0.018292  0.097425  0.018110  0.097969  0.017897  0.098442  ...  0.024081  0.094807  0.024367  0.094223  0.024727  0.093424
4   0.097099  0.015463  0.097197  0.017897  0.097139  0.019907  ...  0.093453 -0.000057  0.093554 -0.002396  0.093639 -0.005234
..
74  0.093574  0.021767  0.093575  0.024081  0.093453  0.025988  ...  0.091099  0.006756  0.091307  0.004444  0.091518  0.001624
75  0.000264  0.094844  0.000112  0.094807 -0.000057  0.094818  ...  0.006756  0.096229  0.006953  0.096271  0.007217  0.096238
76  0.093714  0.022054  0.093692  0.024367  0.093554  0.026272  ...  0.091307  0.006953  0.091544  0.004614  0.091788  0.001759
77 -0.002106  0.094334 -0.002242  0.094223 -0.002396  0.094172  ...  0.004444  0.096271  0.004614  0.096412  0.004850  0.096499
78  0.093845  0.022416  0.093796  0.024727  0.093639  0.026630  ...  0.091518  0.007217  0.091788  0.004850  0.092070  0.001956
79 -0.004985  0.093628 -0.005100  0.093424 -0.005234  0.093300  ...  0.001624  0.096238  0.001759  0.096499  0.001956  0.096735

[80 rows x 80 columns]

 Number of iteration in EM algo ==  2
Probability
[0.12692376209560058, 0.15101115216219463, 0.4370239697050862, 0.10662007859137293, 0.17842103744574567] 

final cluster of all points according to EM
[2 2 2 3 2 2 3 2 3 2 2 3 2 3 2 2 2 2 2 2 2 2 3 2 2 3 2 2 2 2 2 3 2 3 2 2 2
 2 2 3 3 2 2 2 2 2 3 2 2 3 2 2 3 2 2 2 2 2 2 2 2 2 3 2 2 2 3 2 2 2 3 2 2 2
 2 2 2 3 2 2 2 2 2 2 2 3 2 2 2 2 2 2 2 2 2 2 2 2 3 2 3 2 2 2 3 3 2 3 2 2 3
 2 3 2 2 3 3 2 2 2 2 2 2 2 2 2 2 2 2 2 2 2 2 2 2 2 2 2 2 2 2 2 2 3 2 2 2 2
 2 2 2 3 2 2 2 2 2 2 2 2 2 2 2 2 2 2 2 2 2 2 2 2 2 2 2 2 2 2 2 2 2 2 2 2 2
 2 2 3 2 2 2 2 3 2 2 2 2 2 2 2 2 2 2 2 2 2 2 2 2 2 2 2 2 2 2 2 2 2 2 2 2 2
 2 2 2 2 2 2 2 2 2 2 2 2 2 2 2 2 2 2 2 2 2 2 2 2 2 2 2 2 2 2 2 2 2 2 2 2 2
 2 2 2 2 2 3 2 2 2]
Final size of each cluster
Frequency of unique values of the said array:
[[  2   3]
 [235  33]]
contigency table 
   1.0  2.0    4.0   3.0  5.0
0  0.0  0.0  128.0   0.0  0.0
1  0.0  0.0   33.0   0.0  0.0
2  0.0  0.0   41.0   0.0  0.0
3  0.0  0.0    3.0  33.0  0.0
4  0.0  0.0   30.0   0.0  0.0
purity score ==  98.88059701492537 %




python assign6.py f3.csv 5 0.01
Final mean of each cluster
         0         1         2         3         4         5   ...        74        75        76        77        78        79
0 -0.157540 -0.582789 -0.156708 -0.584435 -0.155843 -0.586343  ... -0.167208 -0.580300 -0.168032 -0.579538 -0.169061 -0.578410
1  0.406640 -0.315427  0.403607 -0.306893  0.401187 -0.300122  ...  0.387609 -0.411237  0.390623 -0.426347  0.393982 -0.444802
2 -0.067042  0.013363 -0.066151  0.012332 -0.065673  0.011418  ... -0.044319  0.015826 -0.045559  0.016756 -0.046852  0.017729
3 -0.553997 -0.495406 -0.561202 -0.516706 -0.564994 -0.534345  ... -0.533396 -0.426041 -0.529274 -0.416722 -0.524266 -0.405477
4  0.179819 -0.301488  0.181020 -0.300055  0.181374 -0.298544  ...  0.166019 -0.317712  0.164164 -0.318789  0.161906 -0.320065

[5 rows x 80 columns]
Final covariance matrix

           0         1         2         3         4         5   ...        74        75        76        77        78        79
0   0.040631 -0.008460  0.040760 -0.007987  0.040832 -0.007604  ...  0.039894 -0.010579  0.039863 -0.010805  0.039821 -0.011053
1  -0.008460  0.024884 -0.008488  0.024896 -0.008529  0.024897  ... -0.008297  0.025237 -0.008343  0.025249 -0.008375  0.025228
2   0.040760 -0.008488  0.040893 -0.008013  0.040967 -0.007627  ...  0.040013 -0.010623  0.039981 -0.010851  0.039937 -0.011101
3  -0.007987  0.024896 -0.008013  0.024932 -0.008053  0.024944  ... -0.007841  0.025209 -0.007889  0.025215 -0.007924  0.025187
4   0.040832 -0.008529  0.040967 -0.008053  0.041042 -0.007666  ...  0.040080 -0.010671  0.040047 -0.010900  0.040002 -0.011151
5  -0.007604  0.024897 -0.007627  0.024944 -0.007666  0.024965  ... -0.007473  0.025169 -0.007523  0.025170 -0.007561  0.025136
..
75 -0.010579  0.025237 -0.010623  0.025209 -0.010671  0.025169  ... -0.010352  0.025916 -0.010390  0.025959 -0.010411  0.025968
76  0.039863 -0.008343  0.039981 -0.007889  0.040047 -0.007523  ...  0.039207 -0.010390  0.039185 -0.010608  0.039152 -0.010847
77 -0.010805  0.025249 -0.010851  0.025215 -0.010900  0.025170  ... -0.010571  0.025959 -0.010608  0.026009 -0.010628  0.026023
78  0.039821 -0.008375  0.039937 -0.007924  0.040002 -0.007561  ...  0.039172 -0.010411  0.039152 -0.010628  0.039121 -0.010866
79 -0.011053  0.025228 -0.011101  0.025187 -0.011151  0.025136  ... -0.010811  0.025968 -0.010847  0.026023 -0.010866  0.026042

[80 rows x 80 columns]

           0         1         2         3         4         5   ...        74        75        76        77        78        79
0   0.013001  0.014080  0.012560  0.014656  0.012210  0.015121  ...  0.013756  0.008102  0.014269  0.006897  0.014863  0.005410
1   0.014080  0.042204  0.012853  0.043038  0.011879  0.043645  ...  0.019332  0.033790  0.021132  0.031639  0.023152  0.028827
2   0.012560  0.012853  0.012161  0.013400  0.011843  0.013845  ...  0.013144  0.007147  0.013598  0.006014  0.014125  0.004621
3   0.014656  0.043038  0.013400  0.043908  0.012403  0.044538  ...  0.019987  0.034333  0.021823  0.032116  0.023884  0.029222
4   0.012210  0.011879  0.011843  0.012403  0.011550  0.012832  ...  0.012661  0.006388  0.013068  0.005312  0.013541  0.003993
..
75  0.008102  0.033790  0.007147  0.034333  0.006388  0.034710  ...  0.012616  0.028463  0.014068  0.026955  0.015690  0.024953
76  0.014269  0.021132  0.013598  0.021823  0.013068  0.022363  ...  0.016242  0.014068  0.017120  0.012514  0.018125  0.010558
77  0.006897  0.031639  0.006014  0.032116  0.005312  0.032443  ...  0.011160  0.026955  0.012514  0.025603  0.014024  0.023797
78  0.014863  0.023152  0.014125  0.023884  0.013541  0.024453  ...  0.017142  0.015690  0.018125  0.014024  0.019248  0.011920
79  0.005410  0.028827  0.004621  0.029222  0.003993  0.029487  ...  0.009335  0.024953  0.010558  0.023797  0.011920  0.022242

[80 rows x 80 columns]

           0         1         2         3         4         5   ...        74        75        76        77        78        79
0   0.011464  0.011142  0.011468  0.011163  0.011467  0.011191  ...  0.011968  0.011155  0.011964  0.011169  0.011959  0.011189
1   0.011142  0.054551  0.011161  0.054562  0.011196  0.054577  ...  0.015688  0.054976  0.015616  0.055032  0.015584  0.055111
2   0.011468  0.011161  0.011471  0.011182  0.011471  0.011211  ...  0.011975  0.011175  0.011971  0.011189  0.011966  0.011210
3   0.011163  0.054562  0.011182  0.054574  0.011217  0.054589  ...  0.015709  0.054987  0.015637  0.055043  0.015605  0.055122
4   0.011467  0.011196  0.011471  0.011217  0.011471  0.011245  ...  0.011981  0.011208  0.011977  0.011223  0.011972  0.011243
5   0.011191  0.054577  0.011211  0.054589  0.011245  0.054606  ...  0.015736  0.055006  0.015664  0.055062  0.015632  0.055141
..
75  0.011155  0.054976  0.011175  0.054987  0.011208  0.055006  ...  0.015736  0.055669  0.015662  0.055726  0.015628  0.055808
76  0.011964  0.015616  0.011971  0.015637  0.011977  0.015664  ...  0.013693  0.015662  0.013682  0.015689  0.013672  0.015724
77  0.011169  0.055032  0.011189  0.055043  0.011223  0.055062  ...  0.015763  0.055726  0.015689  0.055783  0.015655  0.055866
78  0.011959  0.015584  0.011966  0.015605  0.011972  0.015632  ...  0.013682  0.015628  0.013672  0.015655  0.013661  0.015690
79  0.011189  0.055111  0.011210  0.055122  0.011243  0.055141  ...  0.015798  0.055808  0.015724  0.055866  0.015690  0.055949

[80 rows x 80 columns]

           0         1         2         3         4         5   ...        74        75        76        77        78        79
0   0.025168 -0.006655  0.026231 -0.003967  0.026873 -0.001889  ...  0.020929 -0.014950  0.020159 -0.016060  0.019222 -0.017366
1  -0.006655  0.011868 -0.007158  0.011030 -0.007492  0.010392  ... -0.004630  0.014349 -0.004298  0.014656 -0.003893  0.015003
2   0.026231 -0.007158  0.027367 -0.004360  0.028055 -0.002191  ...  0.021771 -0.015837  0.020960 -0.016995  0.019973 -0.018357
3  -0.003967  0.011030 -0.004360  0.010504 -0.004628  0.010103  ... -0.002430  0.012593 -0.002184  0.012774 -0.001885  0.012974
4   0.026873 -0.007492  0.028055 -0.004628  0.028775 -0.002404  ...  0.022283 -0.016419  0.021447 -0.017606  0.020430 -0.019004
5  -0.001889  0.010392 -0.002191  0.010103 -0.002404  0.009885  ... -0.000732  0.011247 -0.000554  0.011333 -0.000336  0.011420
..
75 -0.014950  0.014349 -0.015837  0.012593 -0.016419  0.011247  ... -0.011476  0.019754 -0.010876  0.020448 -0.010143  0.021251
76  0.020159 -0.004298  0.020960 -0.002184  0.021447 -0.000554  ...  0.016968 -0.010876  0.016379 -0.011759  0.015662 -0.012800
77 -0.016060  0.014656 -0.016995  0.012774 -0.017606  0.011333  ... -0.012394  0.020448 -0.011759  0.021194 -0.010984  0.022059
78  0.019222 -0.003893  0.019973 -0.001885  0.020430 -0.000336  ...  0.016217 -0.010143  0.015662 -0.010984  0.014986 -0.011974
79 -0.017366  0.015003 -0.018357  0.012974 -0.019004  0.011420  ... -0.013476  0.021251 -0.012800  0.022059 -0.011974  0.022996

[80 rows x 80 columns]

           0         1         2         3         4         5   ...        74        75        76        77        78        79
0   0.017479 -0.011096  0.017522 -0.010875  0.017578 -0.010679  ...  0.015632 -0.014049  0.015495 -0.014347  0.015335 -0.014665
1  -0.011096  0.027704 -0.011187  0.027433 -0.011278  0.027282  ... -0.008511  0.028575 -0.008363  0.028709 -0.008191  0.028847
2   0.017522 -0.011187  0.017570 -0.010974  0.017627 -0.010777  ...  0.015668 -0.014151  0.015530 -0.014449  0.015369 -0.014768
3  -0.010875  0.027433 -0.010974  0.027199 -0.011063  0.027050  ... -0.008326  0.028279 -0.008179  0.028410 -0.008009  0.028541
4   0.017578 -0.011278  0.017627 -0.011063  0.017690 -0.010874  ...  0.015728 -0.014275  0.015589 -0.014574  0.015426 -0.014893
..
75 -0.014049  0.028575 -0.014151  0.028279 -0.014275  0.028121  ... -0.011230  0.030453 -0.011054  0.030667 -0.010850  0.030891
76  0.015495 -0.008363  0.015530 -0.008179  0.015589 -0.008032  ...  0.014170 -0.011054  0.014061 -0.011316  0.013931 -0.011597
77 -0.014347  0.028709 -0.014449  0.028410 -0.014574  0.028246  ... -0.011495  0.030667 -0.011316  0.030891 -0.011109  0.031125
78  0.015335 -0.008191  0.015369 -0.008009  0.015426 -0.007863  ...  0.014037 -0.010850  0.013931 -0.011109  0.013805 -0.011388
79 -0.014665  0.028847 -0.014768  0.028541 -0.014893  0.028373  ... -0.011778  0.030891 -0.011597  0.031125 -0.011388  0.031372

[80 rows x 80 columns]

 Number of iteration in EM algo ==  18
Probability
[0.3087236932976804, 0.23457143896065813, 0.22147219868025472, 0.13607540988160283, 0.09915725917980393] 

final cluster of all points according to EM
[0 2 1 1 2 2 1 3 1 2 1 1 2 1 2 2 3 2 1 0 2 2 1 2 2 1 0 3 3 2 3 1 0 1 1 2 1
 1 0 1 1 3 1 3 2 3 1 0 0 1 2 2 1 1 3 2 4 2 0 2 3 1 1 3 1 0 1 2 0 1 1 2 2 1
 2 2 0 1 4 4 1 0 3 0 3 1 1 1 0 0 3 0 1 0 2 1 0 2 1 2 1 2 1 2 1 1 0 1 0 1 1
 4 1 1 0 1 1 4 3 0 0 2 4 1 3 2 4 0 2 1 4 2 1 0 1 2 0 2 2 0 4 0 0 1 2 3 0 0
 0 0 3 1 1 0 1 1 2 2 1 0 1 3 2 0 0 0 2 2 3 0 2 3 2 0 4 1 3 0 0 2 0 2 0 0 3
 2 3 1 1 0 1 0 1 0 3 0 0 4 0 0 3 0 1 2 3 2 2 0 0 4 2 1 3 0 2 0 0 0 2 0 0 0
 2 4 0 0 0 0 3 2 0 0 3 0 0 0 0 3 4 0 0 0 0 0 0 0 0 2 0 0 4 0 4 0 0 0 3 0 0
 0 2 0 1 2 1 0 0 4]
Final size of each cluster
Frequency of unique values of the said array:
[[ 0  1  2  3  4]
 [92 68 59 32 17]]
contigency table 
    1.0   2.0   4.0   3.0   5.0
0  90.0   1.0  26.0   4.0   7.0
1   0.0   0.0  33.0   0.0   0.0
2   0.0  31.0   0.0   0.0  10.0
3   0.0  36.0   0.0   0.0   0.0
4   2.0   0.0   0.0  28.0   0.0
purity score ==  81.34328358208955 %


python assign6.py f3.csv 5 1
Final mean of each cluster
         0         1         2         3         4         5   ...        74        75        76        77        78        79
0  0.213295 -0.344129  0.211484 -0.339538  0.210021 -0.336041  ...  0.202670 -0.401103  0.204575 -0.410138  0.206672 -0.421185
1  0.014964 -0.345332  0.014040 -0.345566  0.013423 -0.345989  ...  0.012078 -0.365407  0.012581 -0.368316  0.013136 -0.371858
2 -0.109459 -0.234959 -0.110468 -0.238734 -0.111026 -0.241984  ... -0.098714 -0.230774 -0.098481 -0.230040 -0.098120 -0.229210
3  0.064226 -0.156706  0.062718 -0.155500  0.061515 -0.154718  ...  0.074369 -0.184387  0.075922 -0.189096  0.077735 -0.195033
4 -0.087610 -0.446689 -0.088611 -0.449865 -0.089054 -0.452734  ... -0.093125 -0.450607 -0.092949 -0.450913 -0.092753 -0.451193

[5 rows x 80 columns]
Final covariance matrix

           0         1         2         3         4         5   ...        74        75        76        77        78        79
0   0.080043  0.023906  0.079375  0.025732  0.078817  0.027237  ...  0.078607  0.007632  0.079410  0.004827  0.080322  0.001378
1   0.023906  0.061631  0.023025  0.062442  0.022298  0.063091  ...  0.028300  0.053777  0.029515  0.052005  0.030890  0.049694
2   0.079375  0.023025  0.078741  0.024825  0.078207  0.026312  ...  0.077841  0.007006  0.078601  0.004261  0.079464  0.000890
3   0.025732  0.062442  0.024825  0.063320  0.024078  0.064013  ...  0.030126  0.054130  0.031371  0.052271  0.032782  0.049851
..
76  0.079410  0.029515  0.078601  0.031371  0.077934  0.032888  ...  0.078971  0.012821  0.079995  0.009844  0.081156  0.006157
77  0.004827  0.052005  0.004261  0.052271  0.003785  0.052480  ...  0.009030  0.049510  0.009844  0.048731  0.010764  0.047649
78  0.080322  0.030890  0.079464  0.032782  0.078760  0.034324  ...  0.080060  0.013832  0.081156  0.010764  0.082399  0.006960
79  0.001378  0.049694  0.000890  0.049851  0.000476  0.049975  ...  0.005446  0.048220  0.006157  0.047649  0.006960  0.046829

[80 rows x 80 columns]

           0         1         2         3         4         5   ...        74        75        76        77        78        79
0   0.107666  0.019939  0.107706  0.022662  0.107591  0.024907  ...  0.103996  0.002367  0.104184 -0.000324  0.104367 -0.003597
1   0.019939  0.078570  0.019634  0.079115  0.019330  0.079589  ...  0.024655  0.074911  0.025089  0.074138  0.025601  0.073104
2   0.107706  0.019634  0.107773  0.022364  0.107676  0.024618  ...  0.103967  0.002107  0.104128 -0.000566  0.104282 -0.003814
3   0.022662  0.079115  0.022364  0.079772  0.022062  0.080328  ...  0.027259  0.074913  0.027693  0.074054  0.028204  0.072915
4   0.107591  0.019330  0.107676  0.022062  0.107592  0.024317  ...  0.103807  0.001859  0.103949 -0.000796  0.104082 -0.004021
5   0.024907  0.079589  0.024618  0.080328  0.024317  0.080954  ...  0.029403  0.074948  0.029837  0.074020  0.030346  0.072796
..
75  0.002367  0.074911  0.002107  0.074913  0.001859  0.074948  ...  0.007647  0.075176  0.007975  0.075027  0.008372  0.074756
76  0.104184  0.025089  0.104128  0.027693  0.103949  0.029837  ...  0.101547  0.007975  0.101850  0.005302  0.102169  0.002035
77 -0.000324  0.074138 -0.000566  0.074054 -0.000796  0.074020  ...  0.005005  0.075027  0.005302  0.074990  0.005664  0.074855
78  0.104367  0.025601  0.104282  0.028204  0.104082  0.030346  ...  0.101828  0.008372  0.102169  0.005664  0.102530  0.002352
79 -0.003597  0.073104 -0.003814  0.072915 -0.004021  0.072796  ...  0.001778  0.074756  0.002035  0.074855  0.002352  0.074891

[80 rows x 80 columns]

           0         1         2         3         4         5   ...        74        75        76        77        78        79
0   0.089826  0.029048  0.090482  0.031927  0.090780  0.034277  ...  0.086782  0.015564  0.086447  0.013652  0.086020  0.011337
1   0.029048  0.110933  0.029246  0.111755  0.029295  0.112476  ...  0.035114  0.108599  0.035003  0.108221  0.034923  0.107710
2   0.090482  0.029246  0.091168  0.032165  0.091485  0.034550  ...  0.087373  0.015654  0.087016  0.013732  0.086564  0.011408
3   0.031927  0.111755  0.032165  0.112727  0.032236  0.113561  ...  0.037832  0.108868  0.037695  0.108411  0.037583  0.107803
4   0.090780  0.029295  0.091485  0.032236  0.091814  0.034638  ...  0.087634  0.015650  0.087263  0.013726  0.086795  0.011400
5   0.034277  0.112476  0.034550  0.113561  0.034638  0.114489  ...  0.040054  0.109145  0.039895  0.108625  0.039757  0.107942
6   0.090742  0.029173  0.091454  0.032117  0.091789  0.034522  ...  0.087580  0.015535  0.087202  0.013615  0.086726  0.011293
..
75  0.015564  0.108599  0.015654  0.108868  0.015650  0.109145  ...  0.022313  0.109157  0.022240  0.109188  0.022214  0.109172
76  0.086447  0.035003  0.087016  0.037695  0.087263  0.039895  ...  0.084655  0.022240  0.084394  0.020412  0.084058  0.018190
77  0.013652  0.108221  0.013732  0.108411  0.013726  0.108625  ...  0.020486  0.109188  0.020412  0.109284  0.020385  0.109348
78  0.086020  0.034923  0.086564  0.037583  0.086795  0.039757  ...  0.084295  0.022214  0.084058  0.020385  0.083750  0.018161
79  0.011337  0.107710  0.011408  0.107803  0.011400  0.107942  ...  0.018268  0.109172  0.018190  0.109348  0.018161  0.109510

[80 rows x 80 columns]

           0         1         2         3         4         5   ...        74        75        76        77        78        79
0   0.087793  0.009369  0.087294  0.011669  0.086822  0.013526  ...  0.085171 -0.007660  0.086022 -0.010600  0.086954 -0.014235
1   0.009369  0.100956  0.009214  0.101313  0.009047  0.101622  ...  0.016461  0.100071  0.016774  0.099700  0.017177  0.099160
2   0.087294  0.009214  0.086825  0.011504  0.086375  0.013355  ...  0.084626 -0.007629  0.085440 -0.010526  0.086330 -0.014103
3   0.011669  0.101313  0.011504  0.101759  0.011326  0.102134  ...  0.018692  0.099907  0.019028  0.099443  0.019455  0.098789
4   0.086822  0.009047  0.086375  0.011326  0.085943  0.013168  ...  0.084124 -0.007643  0.084911 -0.010503  0.085770 -0.014034
5   0.013526  0.101622  0.013355  0.102134  0.013168  0.102563  ...  0.020488  0.099804  0.020841  0.099268  0.021285  0.098524
..
75 -0.007660  0.100071 -0.007629  0.099907 -0.007643  0.099804  ... -0.000138  0.103570 -0.000109  0.103969 -0.000022  0.104387
76  0.086022  0.016774  0.085440  0.019028  0.084911  0.020841  ...  0.084753 -0.000109  0.085720 -0.003083  0.086786 -0.006776
77 -0.010600  0.099700 -0.010526  0.099443 -0.010503  0.099268  ... -0.003046  0.103969 -0.003083  0.104517 -0.003070  0.105122
78  0.086954  0.017177  0.086330  0.019455  0.085770  0.021285  ...  0.085761 -0.000022  0.086786 -0.003070  0.087916 -0.006858
79 -0.014235  0.099160 -0.014103  0.098789 -0.014034  0.098524  ... -0.006654  0.104387 -0.006776  0.105122 -0.006858  0.105960

[80 rows x 80 columns]

           0         1         2         3         4         5   ...        74        75        76        77        78        79
0   0.120906  0.017137  0.121585  0.020555  0.121885  0.023370  ...  0.115482 -0.000978  0.115050 -0.003483  0.114514 -0.006486
1   0.017137  0.050922  0.016907  0.051274  0.016675  0.051598  ...  0.019261  0.048021  0.019501  0.047488  0.019785  0.046782
2   0.121585  0.016907  0.122296  0.020362  0.122614  0.023210  ...  0.116066 -0.001318  0.115612 -0.003832  0.115050 -0.006843
3   0.020555  0.051274  0.020362  0.051787  0.020150  0.052232  ...  0.022458  0.047727  0.022673  0.047103  0.022924  0.046285
4   0.121885  0.016675  0.122614  0.020150  0.122946  0.023014  ...  0.116309 -0.001600  0.115840 -0.004115  0.115261 -0.007127
5   0.023370  0.051598  0.023210  0.052232  0.023014  0.052778  ...  0.025093  0.047527  0.025286  0.046828  0.025511  0.045921
..
75 -0.000978  0.048021 -0.001318  0.047727 -0.001600  0.047527  ...  0.002066  0.048760  0.002360  0.048745  0.002714  0.048659
76  0.115050  0.019501  0.115612  0.022673  0.115840  0.025286  ...  0.110463  0.002360  0.110141 -0.000040  0.109733 -0.002926
77 -0.003483  0.047488 -0.003832  0.047103 -0.004115  0.046828  ... -0.000334  0.048745 -0.000040  0.048812  0.000314  0.048825
78  0.114514  0.019785  0.115050  0.022924  0.115261  0.025511  ...  0.110030  0.002714  0.109733  0.000314  0.109356 -0.002573
79 -0.006486  0.046782 -0.006843  0.046285 -0.007127  0.045921  ... -0.003218  0.048659 -0.002926  0.048825 -0.002573  0.048958

[80 rows x 80 columns]

 Number of iteration in EM algo ==  2
Probability
[0.11621503863879423, 0.20100883087537913, 0.2129543808812621, 0.07258829776316822, 0.39723345184139636] 

final cluster of all points according to EM
[4 2 4 0 4 4 0 4 0 2 4 4 2 0 2 2 4 2 4 4 2 4 4 2 2 0 4 4 4 2 4 4 4 0 4 2 4
 4 4 4 0 4 4 4 2 4 0 4 4 4 4 2 4 4 4 4 4 2 4 4 4 4 4 4 4 4 4 2 4 4 4 2 2 4
 4 2 4 0 4 4 4 4 4 4 4 0 4 4 4 4 4 4 4 4 2 4 4 2 4 4 0 2 4 4 0 4 4 0 4 4 4
 4 0 4 4 0 4 4 4 4 4 2 4 4 4 2 4 4 2 4 4 2 4 4 4 4 4 2 4 4 4 4 4 0 2 4 4 4
 4 4 4 0 4 4 4 4 4 2 4 4 4 4 4 4 4 4 2 4 4 4 4 4 2 4 4 4 4 4 4 2 4 4 4 4 4
 2 4 4 4 4 4 4 4 4 4 4 4 4 4 4 4 4 4 4 4 2 2 4 4 4 2 4 4 4 2 4 4 4 2 4 4 4
 2 4 4 4 4 4 4 4 4 4 4 4 4 4 4 4 4 4 4 4 4 4 4 4 4 4 4 4 4 4 4 4 4 4 4 4 4
 4 4 4 4 2 0 4 4 4]
Final size of each cluster
Frequency of unique values of the said array:
[[  0   2   4]
 [ 18  39 211]]
contigency table 
    1.0  2.0   4.0  3.0    5.0
0   0.0  0.0   6.0  0.0  122.0
1   0.0  0.0  33.0  0.0    0.0
2   0.0  0.0   0.0  0.0   41.0
3  18.0  0.0   0.0  0.0   18.0
4   0.0  0.0   0.0  0.0   30.0
purity score ==  91.04477611940298 %